3.908450704225351902e-01
3.903083700440528880e-01
3.906525573192239920e-01
3.909973521624007242e-01
3.913427561837455881e-01
3.916887709991158095e-01
3.920353982300884832e-01
3.923826395039858306e-01
3.927304964539007348e-01
3.930789707187222759e-01
3.934280639431616544e-01
3.937777777777777821e-01
3.941281138790035388e-01
3.944790739091718623e-01
3.948306595365418947e-01
3.951828724353256272e-01
3.955357142857142683e-01
3.958891867739052772e-01
3.962432915921287879e-01
3.965980304386750310e-01
3.969534050179211460e-01
3.973094170403587699e-01
3.976660682226211829e-01
3.980233602875112298e-01
3.983812949640287981e-01
3.987398739873987408e-01
3.990990990990990750e-01
3.994589720468890714e-01
3.998194945848375648e-01
4.001806684733513753e-01
4.005424954792043413e-01
4.009049773755656298e-01
4.012681159420289911e-01
4.016319129646419017e-01
4.019963702359346525e-01
4.023614895549500470e-01
4.027272727272727115e-01
4.030937215650591265e-01
4.034608378870673806e-01
4.029170464904284210e-01
4.032846715328466947e-01
4.036529680365296691e-01
4.040219378427787889e-01
4.043915827996340528e-01
4.047619047619047672e-01
4.051329055912007426e-01
4.055045871559633253e-01
4.058769513314967603e-01
4.062500000000000000e-01
4.066237350505979564e-01
4.069981583793738644e-01
4.073732718894009230e-01
4.077490774907748805e-01
4.081255771006463418e-01
4.085027726432532424e-01
4.088806660499537671e-01
4.092592592592592671e-01
4.096385542168674565e-01
4.100185528756957187e-01
4.103992571959145796e-01
4.107806691449814029e-01
4.111627906976744184e-01
4.115456238361266394e-01
4.119291705498602241e-01
4.123134328358208922e-01
4.126984126984126755e-01
4.130841121495327228e-01
4.134705332086061613e-01
4.138576779026217345e-01
4.142455482661668298e-01
4.146341463414633943e-01
4.150234741784037396e-01
4.154135338345864570e-01
4.158043273753527780e-01
4.161958568738229891e-01
4.165881244109330694e-01
4.169811320754717165e-01
4.173748819641170948e-01
4.177693761814744722e-01
4.181646168401135233e-01
4.185606060606060774e-01
4.180094786729857681e-01
4.184060721062618504e-01
4.188034188034188143e-01
4.192015209125475317e-01
4.196003805899143901e-01
4.199999999999999845e-01
4.204003813155385849e-01
4.208015267175572727e-01
4.212034383954154637e-01
4.216061185468450989e-01
4.220095693779904455e-01
4.224137931034482873e-01
4.228187919463087252e-01
4.232245681381957558e-01
4.236311239193083500e-01
4.240384615384615308e-01
4.244465832531280070e-01
4.248554913294797508e-01
4.252651880424300757e-01
4.256756756756756577e-01
4.260869565217391131e-01
4.264990328820116305e-01
4.269119070667957150e-01
4.273255813953488191e-01
4.277400581959263093e-01
4.281553398058252635e-01
4.285714285714285476e-01
4.289883268482490020e-01
4.294060370009736838e-01
4.298245614035087758e-01
4.302439024390243838e-01
4.306640625000000000e-01
4.310850439882698004e-01
4.315068493150684970e-01
4.319294809010773561e-01
4.323529411764706065e-01
4.327772325809617349e-01
4.332023575638506707e-01
4.336283185840708043e-01
4.330708661417322913e-01
4.334975369458128336e-01
4.339250493096646899e-01
4.343534057255676317e-01
4.347826086956521618e-01
4.342235410484668878e-01
4.346534653465346509e-01
4.350842418235877362e-01
4.355158730158730229e-01
4.359483614697119980e-01
4.363817097415507162e-01
4.368159203980099270e-01
4.372509960159362552e-01
4.376869391824526612e-01
4.381237524950099549e-01
4.385614385614385879e-01
4.390000000000000013e-01
4.394394394394394165e-01
4.398797595190380716e-01
4.403209628886660121e-01
4.407630522088353264e-01
4.412060301507537696e-01
4.416498993963782760e-01
4.420946626384693046e-01
4.425403225806451846e-01
4.429868819374369049e-01
4.434343434343434587e-01
4.438827098078867439e-01
4.443319838056680182e-01
4.447821681864235210e-01
4.452332657200811505e-01
4.456852791878172515e-01
4.461382113821138473e-01
4.465920651068158720e-01
4.470468431771894013e-01
4.475025484199796066e-01
4.479591836734693744e-01
4.484167517875383147e-01
4.488752556237218805e-01
4.493346980552712644e-01
4.497950819672131284e-01
4.502564102564102777e-01
4.507186858316221678e-01
4.511819116135662999e-01
4.516460905349794497e-01
4.521112255406797287e-01
4.525773195876288679e-01
4.530443756449948345e-01
4.535123966942148921e-01
4.539813857290589394e-01
4.544513457556935698e-01
4.549222797927461315e-01
4.553941908713692865e-01
4.558670820353063480e-01
4.563409563409563385e-01
4.568158168574401601e-01
4.572916666666666519e-01
4.577685088633993704e-01
4.582463465553235915e-01
4.587251828631139228e-01
4.592050209205020828e-01
4.596858638743455683e-01
4.601677148846960441e-01
4.606505771248688430e-01
4.611344537815126321e-01
4.616193480546793015e-01
4.621052631578947412e-01
4.625922023182297282e-01
4.630801687763713148e-01
4.635691657866948256e-01
4.640591966173361338e-01
4.645502645502645467e-01
4.650423728813559143e-01
4.655355249204665702e-01
4.660297239915074385e-01
4.665249734325185860e-01
4.670212765957446610e-01
4.675186368477103338e-01
4.680170575692964019e-01
4.685165421558164511e-01
4.690170940170940161e-01
4.695187165775401295e-01
4.700214132762312591e-01
4.705251875669881900e-01
4.710300429184549609e-01
4.704618689581095414e-01
4.709677419354838523e-01
4.714747039827771879e-01
4.719827586206896686e-01
4.724919093851132623e-01
4.730021598272138306e-01
4.735135135135135065e-01
4.740259740259740173e-01
4.745395449620801731e-01
4.750542299349240771e-01
4.755700325732898914e-01
4.760869565217391575e-01
4.766050054406963943e-01
4.771241830065359735e-01
4.776444929116684945e-01
4.781659388646288256e-01
4.786885245901639219e-01
4.792122538293216438e-01
4.797371303395399633e-01
4.802631578947368363e-01
4.807903402854006858e-01
4.813186813186813295e-01
4.818481848184818506e-01
4.823788546255506349e-01
4.829106945975744081e-01
4.834437086092715496e-01
4.839779005524861843e-01
4.845132743362831618e-01
4.850498338870432025e-01
4.844789356984479101e-01
4.850166481687014364e-01
4.855555555555555736e-01
4.860956618464961076e-01
4.866369710467706167e-01
4.871794871794871695e-01
4.877232142857143016e-01
4.882681564245809902e-01
4.888143176733780737e-01
4.893617021276595591e-01
4.899103139013453179e-01
4.904601571268237814e-01
4.910112359550561911e-01
4.915635545556805153e-01
4.921171171171171421e-01
4.926719278466741847e-01
4.932279909706546173e-01
4.937853107344633008e-01
4.943438914027149522e-01
4.949037372593431683e-01
4.954648526077097270e-01
4.960272417707151105e-01
4.965909090909090828e-01
4.971558589306029341e-01
4.977220956719817790e-01
4.982896237172178000e-01
4.988584474885844888e-01
4.994285714285714439e-01
5.000000000000000000e-01
5.005727376861397460e-01
5.011467889908256534e-01
5.017221584385763711e-01
5.022988505747126853e-01
5.028768699654775354e-01
5.034562211981566948e-01
5.040369088811995635e-01
5.046189376443418473e-01
5.052023121387283489e-01
5.057870370370370905e-01
5.063731170336036591e-01
5.069605568445475496e-01
5.075493612078978423e-01
5.081395348837208781e-01
5.087310826542491560e-01
5.093240093240093413e-01
5.099183197199532724e-01
5.105140186915887446e-01
5.111111111111110716e-01
5.117096018735363128e-01
5.123094958968347212e-01
5.129107981220657475e-01
5.135135135135134865e-01
5.141176470588235681e-01
5.147232037691401585e-01
5.153301886792452935e-01
5.159386068476977671e-01
5.165484633569740192e-01
5.171597633136094663e-01
5.177725118483412770e-01
5.183867141162514791e-01
5.190023752969120663e-01
5.196195005945303258e-01
5.202380952380952772e-01
5.208581644815256650e-01
5.214797136038186176e-01
5.221027479091995271e-01
5.227272727272727071e-01
5.233532934131736036e-01
5.239808153477217845e-01
5.246098439375750377e-01
5.252403846153845812e-01
5.258724428399518258e-01
5.265060240963855831e-01
5.271411338962606052e-01
5.277777777777777901e-01
5.284159613059250526e-01
5.290556900726391953e-01
5.296969696969696662e-01
5.291262135922329968e-01
5.297691373025515960e-01
5.304136253041362714e-01
5.310596833130328820e-01
5.317073170731707599e-01
5.323565323565323526e-01
5.330073349633251967e-01
5.336597307221542241e-01
5.343137254901960675e-01
5.349693251533742533e-01
5.356265356265356159e-01
5.362853628536284889e-01
5.369458128078817838e-01
5.376078914919851792e-01
5.382716049382716417e-01
5.389369592088998351e-01
5.396039603960396391e-01
5.402726146220570014e-01
5.409429280397022310e-01
5.416149068322981819e-01
5.422885572139303223e-01
5.429638854296388040e-01
5.436408977556109745e-01
5.443196004993757775e-01
5.450000000000000400e-01
5.456821026282853149e-01
5.463659147869673882e-01
5.470514429109158971e-01
5.477386934673367236e-01
5.471698113207547065e-01
5.478589420654912390e-01
5.472887767969735195e-01
5.479797979797980112e-01
5.486725663716813806e-01
5.493670886075949777e-01
5.500633713561470239e-01
5.507614213197969955e-01
5.514612452350698968e-01
5.521628498727735312e-01
5.528662420382165488e-01
5.535714285714286031e-01
5.542784163473818415e-01
5.549872122762148363e-01
5.556978233034570724e-01
5.551282051282051544e-01
5.558408215661103657e-01
5.565552699228791811e-01
5.572715572715573051e-01
5.579896907216495006e-01
5.587096774193548443e-01
5.594315245478036491e-01
5.601552393272962727e-01
5.608808290155440357e-01
5.616083009079118060e-01
5.623376623376623584e-01
5.630689206762028443e-01
5.638020833333333703e-01
5.645371577574966881e-01
5.652741514360313246e-01
5.660130718954248241e-01
5.667539267015706539e-01
5.674967234600262200e-01
5.682414698162729927e-01
5.689881734559789628e-01
5.697368421052632081e-01
5.704874835309617920e-01
5.712401055408971029e-01
5.719947159841479722e-01
5.727513227513227889e-01
5.735099337748343906e-01
5.742705570291777306e-01
5.750332005312085437e-01
5.757978723404255650e-01
5.752330226364846810e-01
5.746666666666666590e-01
5.754339118825100297e-01
5.762032085561497041e-01
5.769745649263721132e-01
5.777479892761394620e-01
5.785234899328859370e-01
5.779569892473118697e-01
5.787348586810229234e-01
5.795148247978436640e-01
5.802968960863698067e-01
5.797297297297296925e-01
5.791610284167794109e-01
5.799457994579946263e-01
5.807327001356852314e-01
5.815217391304348116e-01
5.823129251700680520e-01
5.831062670299727024e-01
5.839017735334243175e-01
5.833333333333333703e-01
5.841313269493844107e-01
5.849315068493150527e-01
5.857338820301782878e-01
5.865384615384615641e-01
5.873452544704264033e-01
5.881542699724517931e-01
5.889655172413793549e-01
5.897790055248618435e-01
5.905947441217150873e-01
5.914127423822714835e-01
5.922330097087378231e-01
5.930555555555555580e-01
5.938803894297635111e-01
5.947075208913649158e-01
5.955369595536960103e-01
5.963687150837988504e-01
5.972027972027972309e-01
5.980392156862744946e-01
5.988779803646563371e-01
5.997191011235954994e-01
6.005625879043600124e-01
6.014084507042253280e-01
6.022566995768687814e-01
6.031073446327683829e-01
6.039603960396039417e-01
6.048158640226628524e-01
6.042553191489361541e-01
6.051136363636363535e-01
6.059743954480796280e-01
6.054131054131054457e-01
6.062767475035663045e-01
6.071428571428570953e-01
6.080114449213162020e-01
6.074498567335243626e-01
6.083213773314203321e-01
6.091954022988506079e-01
6.100719424460431251e-01
6.109510086455330891e-01
6.103896103896103709e-01
6.112716763005779930e-01
6.121562952243125855e-01
6.130434782608695787e-01
6.139332365747459663e-01
6.148255813953488191e-01
6.157205240174672412e-01
6.166180758017493213e-01
6.175182481751825270e-01
6.184210526315789824e-01
6.178623718887261695e-01
6.187683284457478061e-01
6.196769456681351373e-01
6.205882352941176627e-01
6.200294550810014904e-01
6.209439528023599220e-01
6.203840472673559647e-01
6.213017751479289474e-01
6.222222222222222321e-01
6.231454005934717877e-01
6.240713224368499290e-01
6.250000000000000000e-01
6.259314456035767193e-01
6.268656716417910779e-01
6.278026905829596771e-01
6.287425149700598404e-01
6.296851574212893876e-01
6.306306306306306286e-01
6.315789473684210176e-01
6.325301204819276935e-01
6.334841628959275717e-01
6.344410876132930976e-01
6.354009077155824414e-01
6.348484848484848841e-01
6.358118361153262121e-01
6.352583586626139311e-01
6.362252663622526283e-01
6.371951219512195230e-01
6.366412213740457737e-01
6.376146788990825209e-01
6.385911179173047181e-01
6.395705521472392352e-01
6.405529953917050712e-01
6.415384615384615019e-01
6.425269645608628899e-01
6.419753086419752730e-01
6.429675425038640091e-01
6.439628482972136192e-01
6.449612403100775104e-01
6.459627329192546563e-01
6.454121306376360279e-01
6.464174454828660599e-01
6.474258970358813814e-01
6.484375000000000000e-01
6.494522691705790773e-01
6.504702194357366851e-01
6.514913657770801114e-01
6.525157232704402732e-01
6.535433070866141225e-01
6.529968454258675559e-01
6.540284360189573265e-01
6.550632911392405555e-01
6.561014263074484987e-01
6.555555555555555580e-01
6.565977742448331211e-01
6.576433121019108485e-01
6.586921850079744400e-01
6.597444089456868666e-01
6.608000000000000540e-01
6.618589743589743390e-01
6.629213483146066954e-01
6.639871382636656216e-01
6.650563607085345774e-01
6.661290322580645240e-01
6.655896607431340817e-01
6.666666666666666297e-01
6.677471636952998502e-01
6.688311688311687764e-01
6.699186991869918728e-01
6.693811074918566417e-01
6.704730831973898519e-01
6.715686274509803377e-01
6.726677577741407843e-01
6.737704918032786372e-01
6.748768472906403471e-01
6.759868421052631637e-01
6.771004942339373667e-01
6.782178217821782651e-01
6.793388429752066360e-01
6.804635761589403753e-01
6.799336650082918876e-01
6.810631229235880602e-01
6.821963394342761555e-01
6.833333333333333481e-01
6.844741235392320933e-01
6.856187290969899539e-01
6.867671691792295308e-01
6.862416107382550701e-01
6.873949579831932777e-01
6.868686868686868507e-01
6.880269814502529835e-01
6.891891891891891442e-01
6.903553299492385387e-01
6.898305084745762761e-01
6.910016977928692405e-01
6.921768707482993666e-01
6.933560477001703415e-01
6.945392491467576868e-01
6.957264957264956973e-01
6.969178082191780366e-01
6.963979416809605860e-01
6.975945017182130226e-01
6.987951807228915957e-01
6.999999999999999556e-01
7.012089810017271274e-01
7.006920415224913157e-01
7.001733102253032692e-01
7.013888888888888395e-01
7.026086956521738758e-01
7.038327526132404088e-01
7.050610820244328503e-01
7.062937062937062471e-01
7.075306479859895248e-01
7.087719298245613864e-01
7.100175746924428655e-01
7.095070422535211252e-01
7.089947089947089554e-01
7.102473498233216054e-01
7.097345132743362317e-01
7.109929078014184389e-01
7.104795737122557853e-01
7.099644128113878905e-01
7.112299465240641272e-01
7.125000000000000222e-01
7.137745974955277406e-01
7.150537634408602461e-01
7.163375224416517195e-01
7.176258992805755188e-01
7.189189189189189033e-01
7.184115523465703923e-01
7.197106690777577143e-01
7.210144927536231707e-01
7.223230490018148764e-01
7.236363636363636331e-01
7.249544626593806829e-01
7.262773722627736683e-01
7.257769652650822856e-01
7.271062271062270765e-01
7.266055045871560036e-01
7.279411764705882026e-01
7.274401473296501219e-01
7.269372693726937618e-01
7.282809611829944574e-01
7.277777777777777457e-01
7.291280148423006091e-01
7.304832713754646489e-01
7.318435754189943632e-01
7.313432835820895539e-01
7.327102803738317904e-01
7.340823970037453350e-01
7.354596622889305602e-01
7.349624060150375948e-01
7.344632768361581965e-01
7.358490566037735325e-01
7.372400756143667744e-01
7.367424242424241987e-01
7.381404174573055199e-01
7.395437262357414943e-01
7.409523809523809179e-01
7.423664122137404453e-01
7.437858508604207053e-01
7.432950191570881771e-01
7.447216890595009797e-01
7.442307692307692513e-01
7.456647398843930796e-01
7.471042471042470545e-01
7.485493230174081747e-01
7.500000000000000000e-01
7.514563106796116054e-01
7.509727626459143934e-01
7.524366471734892370e-01
7.539062500000000000e-01
7.553816046966731479e-01
7.549019607843137081e-01
7.563850687622789559e-01
7.578740157480314821e-01
7.573964497041419941e-01
7.588932806324110159e-01
7.584158415841584233e-01
7.599206349206348854e-01
7.614314115308150610e-01
7.629482071713147295e-01
7.624750499001996529e-01
7.640000000000000124e-01
7.635270541082164186e-01
7.650602409638553869e-01
7.665995975855131039e-01
7.681451612903226200e-01
7.696969696969696573e-01
7.712550607287449456e-01
7.728194726166328632e-01
7.743902439024390461e-01
7.739307535641547497e-01
7.734693877551019892e-01
7.750511247443763185e-01
7.766393442622950838e-01
7.761806981519506765e-01
7.777777777777777901e-01
7.793814432989690788e-01
7.789256198347107585e-01
7.805383022774327051e-01
7.800829875518672241e-01
7.796257796257796135e-01
7.812500000000000000e-01
7.828810020876826314e-01
7.845188284518828103e-01
7.840670859538784176e-01
7.836134453781512521e-01
7.852631578947368851e-01
7.869198312236287407e-01
7.864693446088795170e-01
7.860169491525423879e-01
7.855626326963907058e-01
7.851063829787233717e-01
7.846481876332622729e-01
7.863247863247863068e-01
7.880085653104924592e-01
7.875536480686695651e-01
7.892473118279570432e-01
7.887931034482759118e-01
7.883369330453563473e-01
7.878787878787878451e-01
7.874186550976138843e-01
7.891304347826086918e-01
7.886710239651416599e-01
7.903930131004366366e-01
7.899343544857767574e-01
7.894736842105263275e-01
7.912087912087911734e-01
7.929515418502202095e-01
7.947019867549668382e-01
7.964601769911504592e-01
7.960088691796008975e-01
7.955555555555555713e-01
7.973273942093541677e-01
7.991071428571429047e-01
7.986577181208053267e-01
8.004484304932735217e-01
8.000000000000000444e-01
7.995495495495495986e-01
7.990970654627539416e-01
8.009049773755656521e-01
8.027210884353741527e-01
8.045454545454545636e-01
8.063781321184509965e-01
8.082191780821917915e-01
8.100686498855834694e-01
8.119266055045871733e-01
8.137931034482758230e-01
8.156682027649769795e-01
8.152424942263279961e-01
8.171296296296296502e-01
8.167053364269141191e-01
8.186046511627906863e-01
8.181818181818182323e-01
8.200934579439251859e-01
8.196721311475410054e-01
8.215962441314553777e-01
8.211764705882352855e-01
8.231132075471697673e-01
8.250591016548463053e-01
8.246445497630331412e-01
8.242280285035629150e-01
8.261904761904761418e-01
8.281622911694510591e-01
8.301435406698564057e-01
8.321342925659472867e-01
8.317307692307692735e-01
8.337349397590361200e-01
8.357487922705314487e-01
8.353510895883776710e-01
8.373786407766989903e-01
8.394160583941605580e-01
8.414634146341463117e-01
8.410757946210268843e-01
8.406862745098039325e-01
8.402948402948402506e-01
8.399014778325123443e-01
8.419753086419753396e-01
8.415841584158415545e-01
8.411910669975185550e-01
8.407960199004974600e-01
8.428927680798005140e-01
8.449999999999999734e-01
8.446115288220551465e-01
8.442211055276381826e-01
8.463476070528966888e-01
8.459595959595959114e-01
8.481012658227847778e-01
8.502538071065990355e-01
8.498727735368957203e-01
8.494897959183673741e-01
8.491048593350383200e-01
8.512820512820512553e-01
8.508997429305912297e-01
8.530927835051546060e-01
8.527131782945736038e-01
8.523316062176166108e-01
8.519480519480518987e-01
8.515625000000000000e-01
8.511749347258485976e-01
8.534031413612565009e-01
8.530183727034120755e-01
8.552631578947368363e-01
8.575197889182057942e-01
8.571428571428570953e-01
8.567639257294429322e-01
8.563829787234042978e-01
8.586666666666666892e-01
8.609625668449197855e-01
8.605898123324396964e-01
8.602150537634408733e-01
8.598382749326145547e-01
8.621621621621621268e-01
8.644986449864499045e-01
8.641304347826086474e-01
8.664850136239782286e-01
8.661202185792349351e-01
8.684931506849314919e-01
8.681318681318681563e-01
8.705234159779614567e-01
8.729281767955801019e-01
8.753462603878116033e-01
8.750000000000000000e-01
8.746518105849582225e-01
8.743016759776536251e-01
8.739495798319327768e-01
8.764044943820225031e-01
8.788732394366197687e-01
8.813559322033898136e-01
8.810198300283286210e-01
8.806818181818182323e-01
8.803418803418803229e-01
8.828571428571428958e-01
8.853868194842406947e-01
8.850574712643678454e-01
8.876080691642651566e-01
8.901734104046242768e-01
8.898550724637681597e-01
8.895348837209302584e-01
8.921282798833819472e-01
8.947368421052631637e-01
8.944281524926686044e-01
8.941176470588235725e-01
8.938053097345132203e-01
8.934911242603550408e-01
8.931750741839762364e-01
8.958333333333333703e-01
8.985074626865671155e-01
8.982035928143712322e-01
9.009009009009009139e-01
9.036144578313253239e-01
9.033232628398791819e-01
9.030303030303030720e-01
9.057750759878419045e-01
9.085365853658536883e-01
9.082568807339449490e-01
9.079754601226993627e-01
9.076923076923076872e-01
9.104938271604938738e-01
9.102167182662538325e-01
9.130434782608695121e-01
9.127725856697819218e-01
9.156250000000000222e-01
9.184952978056426520e-01
9.182389937106918421e-01
9.179810725552050021e-01
9.177215189873417778e-01
9.206349206349205838e-01
9.203821656050955591e-01
9.201277955271565112e-01
9.198717948717948234e-01
9.196141479099678717e-01
9.193548387096773800e-01
9.223300970873786753e-01
9.220779220779220520e-01
9.218241042345276526e-01
9.248366013071895875e-01
9.245901639344262790e-01
9.276315789473684736e-01
9.273927392739274023e-01
9.271523178807946630e-01
9.269102990033222245e-01
9.266666666666666385e-01
9.264214046822742965e-01
9.295302013422819254e-01
9.292929292929292817e-01
9.290540540540540571e-01
9.288135593220339103e-01
9.285714285714286031e-01
9.283276450511945832e-01
9.280821917808219634e-01
9.312714776632302627e-01
9.310344827586206629e-01
9.342560553633217912e-01
9.340277777777777901e-01
9.337979094076654940e-01
9.370629370629370847e-01
9.368421052631579204e-01
9.366197183098591283e-01
9.363957597173144798e-01
9.361702127659574657e-01
9.359430604982206248e-01
9.357142857142857206e-01
9.390681003584229192e-01
9.388489208633093996e-01
9.386281588447653590e-01
9.384057971014492239e-01
9.381818181818182278e-01
9.379562043795620641e-01
9.377289377289377281e-01
9.375000000000000000e-01
9.372693726937268988e-01
9.370370370370370017e-01
9.368029739776951859e-01
9.365671641791044610e-01
9.363295880149812289e-01
9.360902255639097502e-01
9.396226415094339757e-01
9.393939393939394478e-01
9.391634980988593506e-01
9.427480916030533953e-01
9.425287356321838672e-01
9.461538461538461231e-01
9.459459459459459429e-01
9.457364341085271464e-01
9.455252918287937458e-01
9.453125000000000000e-01
9.490196078431372140e-01
9.488188976377952555e-01
9.486166007905137976e-01
9.484126984126983739e-01
9.482071713147410819e-01
9.479999999999999538e-01
9.477911646586345551e-01
9.475806451612903691e-01
9.473684210526315264e-01
9.471544715447154372e-01
9.510204081632652739e-01
9.508196721311474864e-01
9.506172839506172867e-01
9.545454545454545858e-01
9.543568464730290968e-01
9.541666666666667185e-01
9.539748953974895862e-01
9.537815126050420700e-01
9.535864978902953704e-01
9.533898305084745894e-01
9.531914893617021711e-01
9.572649572649573058e-01
9.570815450643777034e-01
9.568965517241379004e-01
9.567099567099567325e-01
9.565217391304348116e-01
9.563318777292576511e-01
9.561403508771929571e-01
9.603524229074890117e-01
9.601769911504425270e-01
9.599999999999999645e-01
9.598214285714286031e-01
9.596412556053811604e-01
9.594594594594594295e-01
9.592760180995475450e-01
9.590909090909091050e-01
9.634703196347031984e-01
9.633027522935779796e-01
9.677419354838709964e-01
9.675925925925925597e-01
9.720930232558139261e-01
9.719626168224299034e-01
9.718309859154929953e-01
9.716981132075471761e-01
9.715639810426540679e-01
9.714285714285714191e-01
9.712918660287080952e-01
9.759615384615384359e-01
9.758454106280193274e-01
9.757281553398058360e-01
9.756097560975609539e-01
9.754901960784313486e-01
9.753694581280788478e-01
9.752475247524752255e-01
9.751243781094527385e-01
9.749999999999999778e-01
9.748743718592964846e-01
9.747474747474746959e-01
9.746192893401015578e-01
9.744897959183673741e-01
9.743589743589743390e-01
9.742268041237113207e-01
9.740932642487046822e-01
9.739583333333333703e-01
9.738219895287958394e-01
9.736842105263158187e-01
9.735449735449734909e-01
9.734042553191489811e-01
9.732620320855615015e-01
9.731182795698924970e-01
9.729729729729730270e-01
9.728260869565217295e-01
9.726775956284152702e-01
9.725274725274725141e-01
9.723756906077347661e-01
9.722222222222222099e-01
9.720670391061452253e-01
9.719101123595506042e-01
9.717514124293785693e-01
9.715909090909090606e-01
9.714285714285714191e-01
9.712643678160919336e-01
9.710982658959537162e-01
9.709302325581394832e-01
9.707602339181286011e-01
9.705882352941176405e-01
9.704142011834319126e-01
9.702380952380952328e-01
9.700598802395209441e-01
9.759036144578313587e-01
9.757575757575757125e-01
9.756097560975609539e-01
9.815950920245398725e-01
9.814814814814815103e-01
9.813664596273291574e-01
9.812499999999999556e-01
9.874213836477987449e-01
9.873417721518987777e-01
9.872611464968152895e-01
9.871794871794872250e-01
9.870967741935483541e-01
9.870129870129870087e-01
9.869281045751634451e-01
9.868421052631578538e-01
9.867549668874172619e-01
9.866666666666666918e-01
9.865771812080537106e-01
9.864864864864865135e-01
9.863945578231292366e-01
9.863013698630136439e-01
9.931034482758620552e-01
9.930555555555555802e-01
9.930069930069930217e-01
9.929577464788732488e-01
9.929078014184397061e-01
9.928571428571428825e-01
9.928057553956834980e-01
9.927536231884057649e-01
9.927007299270073082e-01
9.926470588235294379e-01
9.925925925925925819e-01
9.925373134328357994e-01
9.924812030075187419e-01
9.924242424242424310e-01
9.923664122137404453e-01
9.923076923076923350e-01
9.922480620155038622e-01
9.921875000000000000e-01
9.921259842519685179e-01
9.920634920634920917e-01
9.919999999999999929e-01
9.919354838709677491e-01
9.918699186991869476e-01
9.918032786885245811e-01
9.917355371900826722e-01
9.916666666666666963e-01
9.915966386554622147e-01
9.915254237288135819e-01
9.914529914529914834e-01
9.913793103448276245e-01
9.913043478260870067e-01
9.912280701754385692e-01
9.911504424778760924e-01
9.910714285714286031e-01
9.909909909909909720e-01
9.909090909090909616e-01
9.908256880733945504e-01
9.907407407407406996e-01
9.906542056074766345e-01
9.905660377358490587e-01
9.904761904761905100e-01
9.903846153846154188e-01
9.902912621359223344e-01
9.901960784313725839e-01
9.900990099009900902e-01
9.899999999999999911e-01
9.898989898989899450e-01
9.897959183673469274e-01
9.896907216494845727e-01
9.895833333333333703e-01
9.894736842105262831e-01
9.893617021276596146e-01
9.892473118279569988e-01
9.891304347826086474e-01
9.890109890109890500e-01
9.888888888888889284e-01
9.887640449438201973e-01
9.886363636363636465e-01
9.885057471264367956e-01
9.883720930232557933e-01
9.882352941176471006e-01
9.880952380952381375e-01
9.879518072289156239e-01
9.878048780487804770e-01
9.876543209876542662e-01
9.875000000000000444e-01
9.873417721518987777e-01
9.871794871794872250e-01
9.870129870129870087e-01
9.868421052631578538e-01
9.866666666666666918e-01
9.864864864864865135e-01
9.863013698630136439e-01
9.861111111111111605e-01
9.859154929577464976e-01
9.857142857142857650e-01
9.855072463768116409e-01
9.852941176470588758e-01
9.850746268656715987e-01
9.848484848484848619e-01
9.846153846153846700e-01
9.843750000000000000e-01
9.841269841269840724e-01
9.838709677419354982e-01
1.000000000000000000e+00
1.000000000000000000e+00
1.000000000000000000e+00
1.000000000000000000e+00
1.000000000000000000e+00
1.000000000000000000e+00
1.000000000000000000e+00
1.000000000000000000e+00
1.000000000000000000e+00
1.000000000000000000e+00
1.000000000000000000e+00
1.000000000000000000e+00
1.000000000000000000e+00
1.000000000000000000e+00
1.000000000000000000e+00
1.000000000000000000e+00
1.000000000000000000e+00
1.000000000000000000e+00
1.000000000000000000e+00
1.000000000000000000e+00
1.000000000000000000e+00
1.000000000000000000e+00
1.000000000000000000e+00
1.000000000000000000e+00
1.000000000000000000e+00
1.000000000000000000e+00
1.000000000000000000e+00
1.000000000000000000e+00
1.000000000000000000e+00
1.000000000000000000e+00
1.000000000000000000e+00
1.000000000000000000e+00
1.000000000000000000e+00
1.000000000000000000e+00
1.000000000000000000e+00
1.000000000000000000e+00
1.000000000000000000e+00
1.000000000000000000e+00
1.000000000000000000e+00
1.000000000000000000e+00
1.000000000000000000e+00
1.000000000000000000e+00
1.000000000000000000e+00
1.000000000000000000e+00
1.000000000000000000e+00
1.000000000000000000e+00
1.000000000000000000e+00
1.000000000000000000e+00
1.000000000000000000e+00
1.000000000000000000e+00
1.000000000000000000e+00
1.000000000000000000e+00
1.000000000000000000e+00
1.000000000000000000e+00
1.000000000000000000e+00
1.000000000000000000e+00
1.000000000000000000e+00
1.000000000000000000e+00
1.000000000000000000e+00
1.000000000000000000e+00
1.000000000000000000e+00
1.000000000000000000e+00
