2.957142857142857073e-01
2.957142857142857073e-01
2.957142857142857073e-01
2.957142857142857073e-01
2.957987996570448641e-01
2.957987996570448641e-01
2.958833619210977650e-01
2.963068995133123495e-01
2.964766542537954908e-01
2.969018932874354366e-01
2.971576227390180791e-01
2.974137931034482873e-01
2.977560414269275202e-01
2.980132450331126059e-01
2.985289875973464180e-01
2.988738088362691281e-01
2.993059572006940283e-01
2.995658465991317132e-01
2.999999999999999889e-01
3.007846556233653157e-01
3.012223515715948818e-01
3.019253208868144522e-01
3.024547048509643732e-01
3.028086600351082569e-01
3.036971830985915610e-01
3.046806005298793307e-01
3.051948051948051854e-01
3.057117490381769942e-01
3.063223508459483324e-01
3.075089392133492083e-01
3.078302450687387948e-01
3.094951923076922906e-01
3.108964684575912796e-01
3.122158229766596182e-01
3.132603406326033846e-01
3.143118706133659068e-01
3.151774785801713663e-01
3.158540325053664777e-01
3.173136167590880907e-01
3.184910327767470628e-01
3.202736318407960470e-01
3.215735248204807939e-01
3.225806451612903136e-01
3.241032095657646050e-01
3.260525482747704817e-01
3.273942093541202802e-01
3.295964125560538194e-01
3.306555269922878959e-01
3.329019734713684620e-01
3.347443829371540280e-01
3.351845802025482102e-01
3.371672691422937795e-01
3.388429752066115519e-01
3.401993355481727765e-01
3.415610406937958365e-01
3.426174496644295298e-01
3.451656524678837212e-01
3.473970738346376375e-01
3.492986657543619700e-01
3.520883672764928973e-01
3.535739070090215264e-01
3.552217953195948574e-01
3.582510578279266555e-01
3.595187544232130161e-01
3.627591136526089888e-01
3.662328271872740681e-01
3.693036820998906178e-01
3.723325974981603892e-01
3.763480847898847403e-01
3.803081548290116465e-01
3.835356600910470593e-01
3.869731800766283425e-01
3.916083916083916150e-01
3.970066955494289118e-01
4.022346368715083997e-01
4.057971014492753881e-01
4.090909090909091161e-01
4.133825944170771982e-01
4.195833333333333082e-01
4.228667507356032029e-01
4.280238500851789030e-01
4.331320103537532606e-01
4.388111888111888015e-01
4.436588599204595584e-01
4.496855345911949797e-01
4.543389368468877532e-01
4.573142593447162008e-01
4.609995329285380694e-01
4.652153336488404900e-01
4.701636188642925873e-01
4.757709251101321368e-01
4.806355511420059567e-01
4.878419452887537977e-01
4.945848375451263323e-01
4.986972381448671054e-01
5.079957356076758579e-01
5.154807170016295625e-01
5.223880597014924909e-01
5.305084745762711496e-01
5.369515011547344452e-01
5.439010017678255204e-01
5.495495495495495986e-01
5.571955719557195597e-01
5.625782227784731360e-01
5.705169112954689981e-01
5.752269779507133141e-01
5.832780358327803727e-01
5.936227951153324467e-01
6.029106029106029441e-01
6.104815864022662408e-01
6.185641769398114720e-01
6.269545793000744771e-01
6.333841463414634498e-01
6.419656786271450422e-01
6.504389465283320071e-01
6.598023064250412295e-01
6.728971962616822067e-01
6.795096322241681586e-01
6.824686940966010473e-01
6.899082568807339833e-01
6.949152542372881713e-01
7.009708737864077666e-01
7.061752988047809154e-01
7.116564417177914104e-01
7.157784743991640886e-01
7.202572347266881225e-01
7.188533627342889032e-01
7.189616252821670050e-01
7.248554913294797952e-01
7.312722948870392647e-01
7.392373923739237185e-01
7.538071065989847552e-01
7.600518806744487321e-01
7.650200267022696510e-01
7.702888583218706620e-01
7.715091678420310517e-01
7.756598240469207983e-01
7.809667673716012004e-01
7.902973395931142120e-01
7.980613893376413692e-01
8.081494057724957214e-01
8.183421516754849634e-01
8.241758241758241343e-01
8.276515151515151381e-01
8.326848249027237747e-01
8.393574297188755029e-01
8.475991649269311035e-01
8.565121412803532452e-01
8.657407407407406996e-01
8.787128712871287162e-01
8.848167539267015602e-01
8.858695652173913526e-01
8.977272727272727071e-01
9.035087719298245945e-01
9.018404907975460238e-01
9.022801302931595657e-01
9.109589041095890183e-01
9.148936170212765839e-01
9.185185185185185119e-01
9.203187250996015534e-01
9.191489361702127603e-01
9.223744292237442410e-01
9.252336448598130758e-01
9.362745098039215730e-01
9.358288770053475591e-01
9.322033898305084332e-01
9.294117647058823817e-01
9.250000000000000444e-01
9.189189189189189699e-01
9.160839160839160389e-01
9.090909090909090606e-01
9.180327868852459217e-01
9.279279279279278869e-01
9.252336448598130758e-01
9.191919191919192267e-01
9.222222222222222765e-01
9.294117647058823817e-01
9.729729729729730270e-01
9.696969696969697239e-01
9.830508474576271638e-01
9.818181818181818121e-01
9.799999999999999822e-01
9.761904761904761640e-01
9.729729729729730270e-01
9.705882352941176405e-01
9.677419354838709964e-01
1.000000000000000000e+00
1.000000000000000000e+00
1.000000000000000000e+00
1.000000000000000000e+00
1.000000000000000000e+00
1.000000000000000000e+00
1.000000000000000000e+00
1.000000000000000000e+00
1.000000000000000000e+00
1.000000000000000000e+00
1.000000000000000000e+00
1.000000000000000000e+00
0.000000000000000000e+00
0.000000000000000000e+00
