3.133380381086803279e-01
3.128531073446327859e-01
3.130742049469964483e-01
3.132956152758132884e-01
3.135173389950460243e-01
3.137393767705382586e-01
3.139617292700212503e-01
3.134751773049645474e-01
3.136976579134137522e-01
3.132102272727272929e-01
3.134328358208955390e-01
3.136557610241820782e-01
3.138790035587188387e-01
3.141025641025640969e-01
3.143264433357091936e-01
3.145506419400855846e-01
3.147751605995717239e-01
3.150000000000000022e-01
3.152251608291636864e-01
3.154506437768240246e-01
3.156764495347172406e-01
3.159025787965615839e-01
3.161290322580644907e-01
3.163558106169296891e-01
3.165829145728643046e-01
3.168103448275861878e-01
3.170381020848310749e-01
3.172661870503596937e-01
3.174946004319654236e-01
3.177233429394812902e-01
3.179524152847872931e-01
3.181818181818181768e-01
3.184115523465703701e-01
3.186416184971098131e-01
3.188720173535791735e-01
3.191027496382055073e-01
3.193338160753077526e-01
3.195652173913043348e-01
3.197969543147208271e-01
3.200290275761973890e-01
3.202614379084967045e-01
3.204941860465116421e-01
3.207272727272727497e-01
3.209606986899563585e-01
3.211944646758921884e-01
3.214285714285714524e-01
3.216630196936542396e-01
3.218978102189781199e-01
3.221329437545653596e-01
3.223684210526315819e-01
3.226042428675932605e-01
3.228404099560761575e-01
3.230769230769230949e-01
3.233137829912023364e-01
3.235509904622156929e-01
3.237885462555066263e-01
3.240264511388684654e-01
3.242647058823529549e-01
3.245033112582781376e-01
3.247422680412371254e-01
3.249815770081060928e-01
3.252212389380531032e-01
3.254612546125461026e-01
3.257016248153619120e-01
3.259423503325942217e-01
3.261834319526626946e-01
3.264248704663212375e-01
3.266666666666666607e-01
3.269088213491475048e-01
3.271513353115726996e-01
3.273942093541202802e-01
3.276374442793462127e-01
3.278810408921933317e-01
3.281250000000000000e-01
3.283693224125093235e-01
3.286140089418778110e-01
3.288590604026845887e-01
3.291044776119402826e-01
3.293502613890963437e-01
3.295964125560538194e-01
3.298429319371727897e-01
3.300898203592814162e-01
3.303370786516853785e-01
3.305847076461769229e-01
3.308327081770442435e-01
3.310810810810810856e-01
3.313298271975957943e-01
3.315789473684210287e-01
3.318284424379232544e-01
3.320783132530120696e-01
3.323285606631499745e-01
3.325791855203619751e-01
3.328301886792452979e-01
3.330815709969788263e-01
3.333333333333333148e-01
3.335854765506807706e-01
3.338380015140045565e-01
3.340909090909091050e-01
3.343442001516300222e-01
3.345978755690440232e-01
3.348519362186788140e-01
3.351063829787234161e-01
3.353612167300380476e-01
3.356164383561643927e-01
3.358720487433358715e-01
3.361280487804877981e-01
3.363844393592677617e-01
3.366412213740457848e-01
3.368983957219251479e-01
3.371559633027522707e-01
3.374139250191277584e-01
3.376722817764165607e-01
3.379310344827586299e-01
3.381901840490797451e-01
3.384497313891020598e-01
3.387096774193548154e-01
3.389700230591852215e-01
3.392307692307692246e-01
3.394919168591223890e-01
3.397534668721109430e-01
3.400154202004626036e-01
3.402777777777777901e-01
3.405405405405405594e-01
3.408037094281298196e-01
3.410672853828306539e-01
3.413312693498452011e-01
3.415956622773044238e-01
3.418604651162790442e-01
3.421256788207913124e-01
3.423913043478261087e-01
3.426573426573426562e-01
3.429237947122861785e-01
3.431906614785992238e-01
3.434579439252336552e-01
3.437256430241621419e-01
3.432137285491419498e-01
3.434816549570647859e-01
3.437500000000000000e-01
3.440187646598905635e-01
3.442879499217527117e-01
3.445575567736883227e-01
3.448275862068965747e-01
3.450980392156862697e-01
3.453689167974882124e-01
3.456402199528672559e-01
3.459119496855345699e-01
3.461841070023603528e-01
3.464566929133858220e-01
3.467297084318360922e-01
3.470031545741324996e-01
3.472770323599053133e-01
3.475513428120063364e-01
3.478260869565217295e-01
3.481012658227848333e-01
3.483768804433887700e-01
3.486529318541997102e-01
3.489294210943695296e-01
3.492063492063491870e-01
3.494837172359014921e-01
3.489666136724960399e-01
3.492442322991248793e-01
3.495222929936305789e-01
3.498007968127490042e-01
3.500797448165869352e-01
3.503591380686352785e-01
3.498402555910543055e-01
3.501199040767385973e-01
3.503999999999999893e-01
3.506805444355484136e-01
3.509615384615384359e-01
3.512429831595830221e-01
3.515248796147672494e-01
3.518072289156626287e-01
3.520900321543408151e-01
3.523732904263877641e-01
3.526570048309178862e-01
3.529411764705882582e-01
3.524193548387096753e-01
3.527037933817595006e-01
3.529886914378029261e-01
3.532740501212611184e-01
3.535598705501618033e-01
3.538461538461538658e-01
3.541329011345218936e-01
3.544201135442011097e-01
3.547077922077921941e-01
3.549959382615759385e-01
3.552845528455284563e-01
3.555736371033360599e-01
3.558631921824104150e-01
3.561532192339038061e-01
3.564437194127242914e-01
3.567346938775510234e-01
3.570261437908496815e-01
3.573180703188879592e-01
3.576104746317512184e-01
3.579033579033579215e-01
3.581967213114753967e-01
3.584905660377358250e-01
3.587848932676518943e-01
3.590797041906326759e-01
3.593750000000000000e-01
3.596707818930041101e-01
3.599670510708402049e-01
3.602638087386644816e-01
3.605610561056105667e-01
3.608587943848059476e-01
3.611570247933884037e-01
3.614557485525227709e-01
3.617549668874172064e-01
3.620546810273405081e-01
3.623548922056384902e-01
3.626556016597510257e-01
3.629568106312292541e-01
3.632585203657522910e-01
3.635607321131447689e-01
3.638634471273938242e-01
3.633333333333333415e-01
3.636363636363636465e-01
3.639398998330550805e-01
3.642439431913115921e-01
3.645484949832775712e-01
3.648535564853556679e-01
3.651591289782244454e-01
3.654652137468566431e-01
3.657718120805369399e-01
3.660789252728799403e-01
3.663865546218487146e-01
3.666947014297728957e-01
3.670033670033669981e-01
3.673125526537489582e-01
3.676222596964586753e-01
3.679324894514767741e-01
3.682432432432432567e-01
3.685545224006762655e-01
3.688663282571911783e-01
3.691786621507197053e-01
3.694915254237288171e-01
3.698049194232400083e-01
3.701188455008488920e-01
3.704333050127442406e-01
3.707482993197279142e-01
3.710638297872340674e-01
3.713798977853492445e-01
3.716965046888320301e-01
3.720136518771330891e-01
3.723313407344150394e-01
3.726495726495726579e-01
3.729683490162531978e-01
3.732876712328767055e-01
3.736075407026563933e-01
3.739279588336192339e-01
3.742489270386266109e-01
3.745704467353951905e-01
3.748925193465176275e-01
3.752151462994836595e-01
3.755383290267011454e-01
3.758620689655172153e-01
3.761863675582398647e-01
3.765112262521588815e-01
3.768366464995678289e-01
3.771626297577854725e-01
3.774891774891774854e-01
3.778162911611784858e-01
3.781439722463139641e-01
3.784722222222222099e-01
3.788010425716767937e-01
3.791304347826087162e-01
3.794604003481288346e-01
3.797909407665505110e-01
3.801220575414123726e-01
3.804537521815008483e-01
3.807860262008733732e-01
3.811188811188810921e-01
3.814523184601924521e-01
3.817863397548161286e-01
3.812445223488168389e-01
3.815789473684210731e-01
3.819139596136962300e-01
3.822495606326889450e-01
3.825857519788918304e-01
3.829225352112676228e-01
3.832599118942731087e-01
3.835978835978836043e-01
3.839364518976169371e-01
3.842756183745583143e-01
3.846153846153846367e-01
3.849557522123893682e-01
3.852967227635075154e-01
3.856382978723404409e-01
3.859804791481810105e-01
3.863232682060390721e-01
3.866666666666666585e-01
3.870106761565836329e-01
3.873552983081032797e-01
3.877005347593582840e-01
3.880463871543264887e-01
3.883928571428571508e-01
3.887399463806970323e-01
3.890876565295169898e-01
3.894359892569382309e-01
3.897849462365591267e-01
3.901345291479820787e-01
3.904847396768402201e-01
3.908355795148247824e-01
3.911870503597122406e-01
3.915391539153915135e-01
3.918918918918918859e-01
3.922452660054102647e-01
3.925992779783393227e-01
3.929539295392953657e-01
3.933092224231464762e-01
3.936651583710407132e-01
3.940217391304347561e-01
3.943789664551223817e-01
3.947368421052631637e-01
3.941871026339691109e-01
3.945454545454545325e-01
3.949044585987261380e-01
3.952641165755919617e-01
3.956244302643573407e-01
3.959854014598540028e-01
3.963470319634703198e-01
3.967093235831810061e-01
3.970722781335773166e-01
3.974358974358974117e-01
3.978001833180568325e-01
3.981651376146789212e-01
3.985307621671257960e-01
3.988970588235294379e-01
3.992640294388224431e-01
3.996316758747697762e-01
4.000000000000000222e-01
4.003690036900369176e-01
3.998153277931671412e-01
4.001848428835489968e-01
4.005550416281221104e-01
4.009259259259259078e-01
4.012974976830398499e-01
4.016697588126159624e-01
4.020427112349118093e-01
4.014869888475836590e-01
4.018604651162790975e-01
4.022346368715083997e-01
4.026095060577818963e-01
4.029850746268656692e-01
4.033613445378151363e-01
4.037383177570093573e-01
4.041159962581852283e-01
4.044943820224718989e-01
4.048734770384254666e-01
4.052532833020637826e-01
4.056338028169014231e-01
4.060150375939849399e-01
4.063969896519284974e-01
4.067796610169491789e-01
4.071630537229029012e-01
4.075471698113207752e-01
4.079320113314447438e-01
4.083175803402646631e-01
4.087038789025543850e-01
4.090909090909091161e-01
4.094786729857819996e-01
4.098671726755218070e-01
4.102564102564102422e-01
4.106463878326996331e-01
4.110371075166507904e-01
4.114285714285714213e-01
4.118207816968541546e-01
4.122137404580152875e-01
4.126074498567335325e-01
4.130019120458890969e-01
4.133971291866028741e-01
4.137931034482758563e-01
4.141898370086289360e-01
4.145873320537428186e-01
4.149855907780979902e-01
4.153846153846154077e-01
4.157844080846967993e-01
4.161849710982659101e-01
4.165863066538090798e-01
4.169884169884169878e-01
4.173913043478260643e-01
4.177949709864603456e-01
4.181994191674733852e-01
4.186046511627907196e-01
4.190106692531522792e-01
4.194174757281553534e-01
4.198250728862973902e-01
4.202334630350194611e-01
4.206426484907497820e-01
4.210526315789473450e-01
4.214634146341463272e-01
4.218750000000000000e-01
4.222873900293255267e-01
4.227005870841487045e-01
4.231145935357492616e-01
4.235294117647058765e-01
4.239450441609420861e-01
4.243614931237720822e-01
4.247787610619468968e-01
4.251968503937008093e-01
4.256157635467980316e-01
4.260355029585798925e-01
4.264560710760118556e-01
4.268774703557312034e-01
4.272997032640949433e-01
4.277227722772277141e-01
4.281466798810703578e-01
4.285714285714285476e-01
4.289970208540218599e-01
4.294234592445327903e-01
4.298507462686567138e-01
4.302788844621514008e-01
4.307078763708873104e-01
4.311377245508982159e-01
4.315684315684315542e-01
4.319999999999999951e-01
4.324324324324324564e-01
4.328657314629258401e-01
4.332998996990972684e-01
4.337349397590361533e-01
4.341708542713567653e-01
4.346076458752515248e-01
4.350453172205437924e-01
4.354838709677419373e-01
4.349142280524722626e-01
4.353535353535353258e-01
4.347826086956521618e-01
4.352226720647773273e-01
4.356636271529888416e-01
4.361054766734279720e-01
4.365482233502537834e-01
4.369918699186992050e-01
4.374364191251271516e-01
4.378818737270875894e-01
4.383282364933741015e-01
4.387755102040816202e-01
4.392236976506639357e-01
4.396728016359918167e-01
4.401228249744114640e-01
4.405737704918032960e-01
4.410256410256410131e-01
4.414784394250513277e-01
4.419321685508735831e-01
4.423868312757201493e-01
4.428424304840370973e-01
4.432989690721649279e-01
4.437564499484004110e-01
4.442148760330578705e-01
4.446742502585315227e-01
4.451345755693582040e-01
4.455958549222797660e-01
4.460580912863070790e-01
4.465212876427829825e-01
4.469854469854470103e-01
4.474505723204995067e-01
4.479166666666666852e-01
4.483837330552659095e-01
4.488517745302714190e-01
4.493207941483803314e-01
4.497907949790794779e-01
4.502617801047120172e-01
4.507337526205450473e-01
4.512067156348373298e-01
4.516806722689075682e-01
4.521556256572029642e-01
4.526315789473684403e-01
4.531085353003161398e-01
4.535864978902953704e-01
4.540654699049630483e-01
4.545454545454545303e-01
4.539682539682539653e-01
4.544491525423728917e-01
4.549310710498409294e-01
4.554140127388535131e-01
4.558979808714133664e-01
4.553191489361702038e-01
4.558040468583599569e-01
4.562899786780383882e-01
4.567769477054429150e-01
4.572649572649572502e-01
4.577540106951871746e-01
4.582441113490364204e-01
4.576634512325830628e-01
4.581545064377682275e-01
4.586466165413533580e-01
4.591397849462365843e-01
4.596340150699677052e-01
4.601293103448275690e-01
4.606256742179072328e-01
4.611231101511878983e-01
4.616216216216216250e-01
4.621212121212120993e-01
4.626218851570964019e-01
4.631236442516268870e-01
4.636264929424538384e-01
4.641304347826086807e-01
4.635473340587595303e-01
4.640522875816993631e-01
4.645583424209378531e-01
4.650655021834060876e-01
4.655737704918032627e-01
4.660831509846827259e-01
4.665936473165389065e-01
4.671052631578947456e-01
4.676180021953896815e-01
4.681318681318681341e-01
4.686468646864686560e-01
4.691629955947136388e-01
4.696802646085997957e-01
4.701986754966887561e-01
4.707182320441988810e-01
4.712389380530973559e-01
4.717607973421926726e-01
4.722838137472283870e-01
4.728079911209767117e-01
4.722222222222222099e-01
4.716351501668520352e-01
4.721603563474387477e-01
4.726867335562987549e-01
4.732142857142856984e-01
4.737430167597765363e-01
4.742729306487695751e-01
4.748040313549832248e-01
4.753363228699551413e-01
4.758698092031425353e-01
4.764044943820224809e-01
4.769403824521935009e-01
4.763513513513513709e-01
4.768883878241262919e-01
4.774266365688487612e-01
4.779661016949152685e-01
4.785067873303167629e-01
4.790486976217440684e-01
4.795918367346938549e-01
4.801362088535754968e-01
4.806818181818181546e-01
4.812286689419795205e-01
4.817767653758542323e-01
4.823261117445837853e-01
4.828767123287671104e-01
4.834285714285714297e-01
4.839816933638443897e-01
4.845360824742268036e-01
4.850917431192660612e-01
4.856486796785304261e-01
4.862068965517241104e-01
4.867663981588032374e-01
4.873271889400921930e-01
4.878892733564013651e-01
4.884526558891454928e-01
4.890173410404624055e-01
4.895833333333333148e-01
4.901506373117033855e-01
4.907192575406032486e-01
4.912891986062717931e-01
4.918604651162790664e-01
4.924330616996507315e-01
4.930069930069930217e-01
4.935822637106184185e-01
4.941588785046728827e-01
4.947368421052631415e-01
4.953161592505854749e-01
4.958968347010551114e-01
4.964788732394366244e-01
4.970622796709753266e-01
4.976470588235293868e-01
4.982332155477031677e-01
4.988207547169811185e-01
4.994096812278630559e-01
5.000000000000000000e-01
5.005917159763313418e-01
5.011848341232227888e-01
5.017793594306050320e-01
5.023752969121140222e-01
5.029726516052318575e-01
5.035714285714285587e-01
5.029797377830751426e-01
5.035799522673031214e-01
5.041816009557944511e-01
5.047846889952153360e-01
5.053892215568862589e-01
5.059952038369304184e-01
5.066026410564226090e-01
5.072115384615384359e-01
5.078219013237064150e-01
5.084337349397590744e-01
5.090470446320868314e-01
5.096618357487923134e-01
5.102781136638452342e-01
5.108958837772397121e-01
5.115151515151514783e-01
5.121359223300970820e-01
5.115431348724179816e-01
5.121654501216544864e-01
5.127892813641899972e-01
5.134146341463414753e-01
5.140415140415139916e-01
5.146699266503667047e-01
5.152998776009791726e-01
5.159313725490196623e-01
5.165644171779141258e-01
5.171990171990171747e-01
5.178351783517834983e-01
5.172413793103448620e-01
5.178791615289766170e-01
5.185185185185184897e-01
5.191594561186649859e-01
5.198019801980198196e-01
5.204460966542751033e-01
5.210918114143920921e-01
5.217391304347825942e-01
5.223880597014924909e-01
5.230386052303860334e-01
5.236907730673316941e-01
5.230961298377028168e-01
5.237500000000000488e-01
5.244055068836045441e-01
5.250626566416040086e-01
5.257214554579673349e-01
5.263819095477386689e-01
5.270440251572326984e-01
5.264483627204030736e-01
5.271122320302648045e-01
5.277777777777777901e-01
5.284450063211124649e-01
5.291139240506329555e-01
5.285171102661596620e-01
5.291878172588831974e-01
5.298602287166455094e-01
5.305343511450382188e-01
5.312101910828025408e-01
5.318877551020407823e-01
5.325670498084291715e-01
5.332480818414322421e-01
5.326504481434058969e-01
5.333333333333333259e-01
5.340179717586649444e-01
5.347043701799485405e-01
5.353925353925353958e-01
5.360824742268041065e-01
5.367741935483870686e-01
5.374677002583979624e-01
5.381630012936610141e-01
5.388601036269430322e-01
5.395590142671854439e-01
5.402597402597402176e-01
5.409622886866060076e-01
5.416666666666666297e-01
5.423728813559322015e-01
5.430809399477807276e-01
5.437908496732025698e-01
5.445026178010471396e-01
5.452162516382700330e-01
5.459317585301837195e-01
5.466491458607095622e-01
5.473684210526316152e-01
5.480895915678524188e-01
5.488126649076516816e-01
5.495376486129458504e-01
5.502645502645502340e-01
5.509933774834436804e-01
5.517241379310344751e-01
5.524568393094289043e-01
5.531914893617021489e-01
5.539280958721704007e-01
5.533333333333333437e-01
5.540720961281708767e-01
5.548128342245989275e-01
5.555555555555555802e-01
5.563002680965147828e-01
5.570469798657717853e-01
5.577956989247311315e-01
5.572005383580080906e-01
5.579514824797843220e-01
5.587044534412956009e-01
5.594594594594594072e-01
5.602165087956698653e-01
5.609756097560976151e-01
5.617367706919945691e-01
5.625000000000000000e-01
5.619047619047619069e-01
5.613079019073569098e-01
5.620736698499317896e-01
5.628415300546447675e-01
5.636114911080711831e-01
5.643835616438356295e-01
5.651577503429355831e-01
5.645604395604395531e-01
5.653370013755157908e-01
5.661157024793388448e-01
5.668965517241378871e-01
5.676795580110497452e-01
5.670816044260027500e-01
5.664819944598338264e-01
5.658807212205270165e-01
5.666666666666666519e-01
5.674547983310153088e-01
5.682451253481893838e-01
5.690376569037657317e-01
5.684357541899441868e-01
5.692307692307692069e-01
5.700280112044817660e-01
5.708274894810658751e-01
5.716292134831461036e-01
5.724331926863572839e-01
5.732394366197183233e-01
5.740479548660084586e-01
5.748587570621468412e-01
5.756718528995756756e-01
5.764872521246459103e-01
5.773049645390070372e-01
5.767045454545454142e-01
5.775248933143669605e-01
5.783475783475783283e-01
5.791726105563480553e-01
5.799999999999999600e-01
5.808297567954220364e-01
5.802292263610314693e-01
5.810616929698708688e-01
5.818965517241379004e-01
5.827338129496403285e-01
5.821325648414985565e-01
5.829725829725829200e-01
5.823699421965318201e-01
5.832127351664254666e-01
5.840579710144927494e-01
5.849056603773584717e-01
5.857558139534884134e-01
5.866084425036389716e-01
5.874635568513119077e-01
5.883211678832116487e-01
5.891812865497075835e-01
5.900439238653001350e-01
5.909090909090909394e-01
5.917767988252570222e-01
5.911764705882353033e-01
5.920471281296023625e-01
5.929203539823009184e-01
5.937961595273264503e-01
5.946745562130177909e-01
5.955555555555555047e-01
5.964391691394659301e-01
5.973254086181277733e-01
5.982142857142856984e-01
5.976154992548434741e-01
5.970149253731342753e-01
5.979073243647234914e-01
5.988023952095807845e-01
5.997001499250375067e-01
6.006006006006006093e-01
6.015037593984962072e-01
6.024096385542169196e-01
6.033182503770738725e-01
6.042296072507552518e-01
6.036308623298033416e-01
6.045454545454544970e-01
6.039453717754172946e-01
6.033434650455926640e-01
6.027397260273972268e-01
6.036585365853658347e-01
6.045801526717556884e-01
6.055045871559633364e-01
6.064318529862174900e-01
6.073619631901840954e-01
6.082949308755760676e-01
6.092307692307692424e-01
6.086286594761171065e-01
6.095679012345679437e-01
6.105100463678516665e-01
6.114551083591330816e-01
6.124031007751937761e-01
6.133540372670807095e-01
6.143079315707620225e-01
6.152647975077881748e-01
6.162246489859594112e-01
6.171875000000000000e-01
6.181533646322379116e-01
6.191222570532914915e-01
6.200941915227629053e-01
6.210691823899371355e-01
6.220472440944881942e-01
6.230283911671924413e-01
6.240126382306476760e-01
6.250000000000000000e-01
6.259904912836766755e-01
6.269841269841269771e-01
6.263910969793322625e-01
6.273885350318471055e-01
6.267942583732057926e-01
6.277955271565495154e-01
6.288000000000000256e-01
6.298076923076922906e-01
6.308186195826644971e-01
6.302250803858521211e-01
6.312399355877617024e-01
6.322580645161289814e-01
6.332794830371567540e-01
6.343042071197411147e-01
6.353322528363046784e-01
6.363636363636363535e-01
6.373983739837398854e-01
6.384364820846905042e-01
6.394779771615007880e-01
6.405228758169934089e-01
6.399345335515548294e-01
6.393442622950820109e-01
6.403940886699507340e-01
6.414473684210526550e-01
6.425041186161449813e-01
6.435643564356435808e-01
6.446280991735536814e-01
6.456953642384105629e-01
6.451077943615256549e-01
6.461794019933554400e-01
6.472545757071547223e-01
6.483333333333333171e-01
6.494156928213689062e-01
6.505016722408026864e-01
6.499162479061976194e-01
6.510067114093959217e-01
6.521008403361344685e-01
6.515151515151514916e-01
6.526138279932546249e-01
6.537162162162162282e-01
6.531302876480541419e-01
6.542372881355932313e-01
6.553480475382003068e-01
6.564625850340135571e-01
6.575809199318568554e-01
6.587030716723549784e-01
6.598290598290598163e-01
6.609589041095890183e-01
6.620926243567752945e-01
6.632302405498281539e-01
6.643717728055077432e-01
6.637931034482759118e-01
6.649395509499136381e-01
6.660899653979238666e-01
6.672443674176776751e-01
6.684027777777777901e-01
6.678260869565217916e-01
6.689895470383275811e-01
6.684118673647468922e-01
6.678321678321678112e-01
6.690017513134851601e-01
6.684210526315789158e-01
6.678383128295254378e-01
6.690140845070422504e-01
6.701940035273368235e-01
6.713780918727915159e-01
6.725663716814159754e-01
6.737588652482269236e-01
6.731793960923623255e-01
6.725978647686833289e-01
6.720142602495543516e-01
6.732142857142857650e-01
6.726296958855098040e-01
6.720430107526881303e-01
6.714542190305206049e-01
6.726618705035971590e-01
6.738738738738738743e-01
6.750902527075812731e-01
6.763110307414105238e-01
6.775362318840579823e-01
6.787658802177858330e-01
6.800000000000000488e-01
6.794171220400728739e-01
6.788321167883211160e-01
6.782449725776965588e-01
6.794871794871795156e-01
6.807339449541284226e-01
6.819852941176470784e-01
6.813996316758748062e-01
6.808118081180811743e-01
6.820702402957485866e-01
6.833333333333333481e-01
6.846011131725417975e-01
6.858736059479554337e-01
6.871508379888268125e-01
6.884328358208955390e-01
6.897196261682243534e-01
6.891385767790262351e-01
6.904315196998124238e-01
6.917293233082706383e-01
6.930320150659133871e-01
6.943396226415093908e-01
6.956521739130434590e-01
6.969696969696970168e-01
6.982922201138519469e-01
6.996197718631178564e-01
6.990476190476190288e-01
6.984732824427480891e-01
6.998087954110898679e-01
7.011494252873563537e-01
7.024952015355085955e-01
7.038461538461538991e-01
7.052023121387283044e-01
7.065637065637065950e-01
7.079303675048356226e-01
7.073643410852713531e-01
7.087378640776699212e-01
7.081712062256809714e-01
7.076023391812865659e-01
7.089843750000000000e-01
7.084148727984344029e-01
7.098039215686274828e-01
7.111984282907661825e-01
7.106299212598424786e-01
7.100591715976330986e-01
7.094861660079051502e-01
7.089108910891088744e-01
7.083333333333333703e-01
7.097415506958250075e-01
7.111553784860558114e-01
7.125748502994011524e-01
7.139999999999999680e-01
7.154308617234469425e-01
7.168674698795181044e-01
7.183098591549296197e-01
7.197580645161290036e-01
7.212121212121211933e-01
7.206477732793522550e-01
7.221095334685598832e-01
7.215447154471544833e-01
7.230142566191446463e-01
7.244897959183673741e-01
7.239263803680981990e-01
7.254098360655737432e-01
7.268993839835728998e-01
7.263374485596707508e-01
7.257731958762886348e-01
7.252066115702479054e-01
7.267080745341615300e-01
7.261410788381742476e-01
7.276507276507276911e-01
7.291666666666666297e-01
7.286012526096032893e-01
7.280334728033472924e-01
7.295597484276729050e-01
7.289915966386554258e-01
7.284210526315789691e-01
7.299578059071729630e-01
7.293868921775898961e-01
7.309322033898305593e-01
7.303609341825901824e-01
7.319148936170212227e-01
7.313432835820895539e-01
7.329059829059828557e-01
7.323340471092076864e-01
7.339055793991415833e-01
7.333333333333332815e-01
7.349137931034482873e-01
7.365010799136069153e-01
7.359307359307358798e-01
7.375271149674620386e-01
7.369565217391303991e-01
7.363834422657952183e-01
7.358078602620087283e-01
7.374179431072209745e-01
7.390350877192982670e-01
7.406593406593406925e-01
7.422907488986784097e-01
7.417218543046357748e-01
7.411504424778760924e-01
7.427937915742793828e-01
7.444444444444444642e-01
7.461024498886413836e-01
7.455357142857143016e-01
7.449664429530201692e-01
7.443946188340807568e-01
7.438202247191011418e-01
7.432432432432432012e-01
7.449209932279909907e-01
7.466063348416289713e-01
7.482993197278912101e-01
7.500000000000000000e-01
7.494305239179954725e-01
7.488584474885844333e-01
7.505720823798627261e-01
7.500000000000000000e-01
7.517241379310344307e-01
7.511520737327188613e-01
7.528868360277136684e-01
7.546296296296296502e-01
7.540603248259860614e-01
7.534883720930232176e-01
7.552447552447552059e-01
7.570093457943924964e-01
7.587822014051521791e-01
7.605633802816901268e-01
7.600000000000000089e-01
7.594339622641509413e-01
7.588652482269503396e-01
7.606635071090047662e-01
7.624703087885985608e-01
7.642857142857142350e-01
7.661097852028639910e-01
7.655502392344497586e-01
7.673860911270983243e-01
7.692307692307692735e-01
7.710843373493976305e-01
7.705314009661835550e-01
7.699757869249395092e-01
7.694174757281553312e-01
7.712895377128953234e-01
7.731707317073170938e-01
7.726161369193154105e-01
7.745098039215686514e-01
7.739557739557739735e-01
7.733990147783251778e-01
7.728395061728394744e-01
7.747524752475247745e-01
7.766749379652605478e-01
7.761194029850746468e-01
7.780548628428927138e-01
7.800000000000000266e-01
7.819548872180450694e-01
7.814070351758793942e-01
7.808564231738035488e-01
7.828282828282828731e-01
7.848101265822784445e-01
7.868020304568528189e-01
7.862595419847328015e-01
7.882653061224489388e-01
7.877237851662404200e-01
7.871794871794871584e-01
7.892030848329049109e-01
7.886597938144329634e-01
7.881136950904392702e-01
7.901554404145078037e-01
7.922077922077922496e-01
7.942708333333333703e-01
7.963446475195822272e-01
7.958115183246072810e-01
7.979002624671915900e-01
8.000000000000000444e-01
8.021108179419524919e-01
8.042328042328041882e-01
8.037135278514588865e-01
8.058510638297872175e-01
8.053333333333333455e-01
8.074866310160427885e-01
8.069705093833779985e-01
8.064516129032257563e-01
8.086253369272237146e-01
8.081081081081080697e-01
8.102981029810297775e-01
8.125000000000000000e-01
8.119891008174386915e-01
8.114754098360655865e-01
8.136986301369862895e-01
8.131868131868131844e-01
8.154269972451790860e-01
8.149171270718231774e-01
8.144044321329639846e-01
8.138888888888888840e-01
8.161559888579387190e-01
8.184357541899441868e-01
8.179271708683473197e-01
8.174157303370787053e-01
8.197183098591549477e-01
8.192090395480225995e-01
8.186968838526912373e-01
8.181818181818182323e-01
8.205128205128204844e-01
8.228571428571428426e-01
8.223495702005730879e-01
8.247126436781608838e-01
8.270893371757924717e-01
8.265895953757225190e-01
8.260869565217391353e-01
8.284883720930232842e-01
8.309037900874635119e-01
8.304093567251461527e-01
8.299120234604105972e-01
8.323529411764706287e-01
8.318584070796459784e-01
8.313609467455621571e-01
8.308605341246291243e-01
8.333333333333333703e-01
8.328358208955224384e-01
8.353293413173652482e-01
8.378378378378378288e-01
8.373493975903614217e-01
8.398791540785498499e-01
8.393939393939393590e-01
8.389057750759878473e-01
8.384146341463414309e-01
8.409785932721712820e-01
8.404907975460123026e-01
8.399999999999999689e-01
8.395061728395061262e-01
8.390092879256966230e-01
8.385093167701863637e-01
8.380062305295949976e-01
8.406249999999999556e-01
8.432601880877742540e-01
8.459119496855346254e-01
8.454258675078863972e-01
8.481012658227847778e-01
8.476190476190476053e-01
8.471337579617834734e-01
8.498402555910543610e-01
8.493589743589743390e-01
8.488745980707395056e-01
8.483870967741935498e-01
8.478964401294498687e-01
8.474025974025973795e-01
8.469055374592834307e-01
8.464052287581699252e-01
8.459016393442623238e-01
8.453947368421053099e-01
8.481848184818482350e-01
8.476821192052980125e-01
8.504983388704319136e-01
8.499999999999999778e-01
8.528428093645484820e-01
8.523489932885905951e-01
8.518518518518518601e-01
8.547297297297297147e-01
8.576271186440678207e-01
8.571428571428570953e-01
8.600682593856655567e-01
8.595890410958904049e-01
8.591065292096219386e-01
8.586206896551724643e-01
8.615916955017300927e-01
8.645833333333333703e-01
8.675958188153309880e-01
8.671328671328670801e-01
8.666666666666666963e-01
8.697183098591548811e-01
8.727915194346289596e-01
8.723404255319149314e-01
8.754448398576512025e-01
8.750000000000000000e-01
8.745519713261649120e-01
8.741007194244604372e-01
8.772563176895307180e-01
8.804347826086956763e-01
8.836363636363636642e-01
8.868613138686131103e-01
8.864468864468864062e-01
8.860294117647058432e-01
8.892988929889298344e-01
8.888888888888888395e-01
8.884758364312267398e-01
8.880597014925373234e-01
8.876404494382021948e-01
8.872180451127819056e-01
8.905660377358490809e-01
8.901515151515151381e-01
8.935361216730037803e-01
8.931297709923664563e-01
8.927203065134099447e-01
8.961538461538461897e-01
8.957528957528957392e-01
8.953488372093023617e-01
8.949416342412451764e-01
8.945312500000000000e-01
8.980392156862745390e-01
8.976377952755905110e-01
8.972332015810277062e-01
9.007936507936508130e-01
9.043824701195218863e-01
9.040000000000000258e-01
9.076305220883533753e-01
9.072580645161290036e-01
9.068825910931174183e-01
9.105691056910568681e-01
9.102040816326530948e-01
9.098360655737705027e-01
9.135802469135801962e-01
9.173553719008264995e-01
9.170124481327800448e-01
9.166666666666666297e-01
9.163179916317991669e-01
9.159663865546218142e-01
9.156118143459915926e-01
9.152542372881355970e-01
9.148936170212765839e-01
9.145299145299145005e-01
9.141630901287554067e-01
9.137931034482759118e-01
9.177489177489177585e-01
9.173913043478261198e-01
9.170305676855895483e-01
9.166666666666666297e-01
9.162995594713656544e-01
9.159292035398229892e-01
9.200000000000000400e-01
9.196428571428570953e-01
9.192825112107623209e-01
9.189189189189189699e-01
9.185520361990949789e-01
9.181818181818182101e-01
9.178082191780821963e-01
9.220183486238532344e-01
9.216589861751152135e-01
9.212962962962962798e-01
9.209302325581395499e-01
9.252336448598130758e-01
9.248826291079812467e-01
9.245283018867924696e-01
9.241706161137440700e-01
9.238095238095238582e-01
9.234449760765550685e-01
9.230769230769231282e-01
9.275362318840579823e-01
9.271844660194175081e-01
9.317073170731707821e-01
9.313725490196078649e-01
9.310344827586206629e-01
9.356435643564356974e-01
9.353233830845770758e-01
9.350000000000000533e-01
9.346733668341709045e-01
9.343434343434343647e-01
9.340101522842639836e-01
9.336734693877550839e-01
9.333333333333333481e-01
9.381443298969072142e-01
9.378238341968911929e-01
9.375000000000000000e-01
9.371727748691099924e-01
9.421052631578947789e-01
9.417989417989417467e-01
9.468085106382978511e-01
9.518716577540107249e-01
9.516129032258064946e-01
9.513513513513514042e-01
9.510869565217391353e-01
9.508196721311474864e-01
9.505494505494505031e-01
9.502762430939226679e-01
9.499999999999999556e-01
9.497206703910614500e-01
9.494382022471909988e-01
9.491525423728813804e-01
9.488636363636363535e-01
9.485714285714286209e-01
9.482758620689655249e-01
9.479768786127167335e-01
9.476744186046511809e-01
9.473684210526315264e-01
9.470588235294117307e-01
9.526627218934911046e-01
9.523809523809523281e-01
9.520958083832334884e-01
9.518072289156626065e-01
9.515151515151515360e-01
9.512195121951219079e-01
9.509202453987729564e-01
9.506172839506172867e-01
9.503105590062111974e-01
9.499999999999999556e-01
9.496855345911949797e-01
9.493670886075948889e-01
9.554140127388535131e-01
9.551282051282051766e-01
9.548387096774193505e-01
9.545454545454545858e-01
9.542483660130719469e-01
9.539473684210526550e-01
9.536423841059602502e-01
9.533333333333333659e-01
9.530201342281878762e-01
9.527027027027027417e-01
9.591836734693877098e-01
9.589041095890410427e-01
9.586206896551724421e-01
9.583333333333333703e-01
9.580419580419580194e-01
9.577464788732393819e-01
9.574468085106383475e-01
9.571428571428571841e-01
9.568345323741007658e-01
9.565217391304348116e-01
9.562043795620438491e-01
9.558823529411765163e-01
9.555555555555556024e-01
9.552238805970149071e-01
9.548872180451127845e-01
9.545454545454545858e-01
9.541984732824427828e-01
9.538461538461538991e-01
9.534883720930232842e-01
9.531250000000000000e-01
9.527559055118109965e-01
9.523809523809523281e-01
9.519999999999999574e-01
9.516129032258064946e-01
9.512195121951219079e-01
9.508196721311474864e-01
9.504132231404959219e-01
9.499999999999999556e-01
9.495798319327730663e-01
9.576271186440677985e-01
9.572649572649573058e-01
9.568965517241379004e-01
9.652173913043478048e-01
9.649122807017543879e-01
9.734513274336282773e-01
9.732142857142856984e-01
9.729729729729730270e-01
9.727272727272727737e-01
9.724770642201835402e-01
9.722222222222222099e-01
9.719626168224299034e-01
9.716981132075471761e-01
9.714285714285714191e-01
9.711538461538461453e-01
9.708737864077670032e-01
9.705882352941176405e-01
9.702970297029702706e-01
9.799999999999999822e-01
9.797979797979797789e-01
9.795918367346938549e-01
9.793814432989690344e-01
9.791666666666666297e-01
9.789473684210526772e-01
9.787234042553191182e-01
9.784946236559139976e-01
9.782608695652174058e-01
9.780219780219779890e-01
9.777777777777777457e-01
9.775280898876403946e-01
9.772727272727272929e-01
9.770114942528735913e-01
9.767441860465115866e-01
9.764705882352940902e-01
9.761904761904761640e-01
9.759036144578313587e-01
9.756097560975609539e-01
9.753086419753086433e-01
9.749999999999999778e-01
9.746835443037974445e-01
9.743589743589743390e-01
9.740259740259740173e-01
9.736842105263158187e-01
9.733333333333333837e-01
9.729729729729730270e-01
9.726027397260273988e-01
9.722222222222222099e-01
9.718309859154929953e-01
9.714285714285714191e-01
9.710144927536231707e-01
9.705882352941176405e-01
9.701492537313433084e-01
9.696969696969697239e-01
9.692307692307692291e-01
9.687500000000000000e-01
9.841269841269840724e-01
9.838709677419354982e-01
9.836065573770491621e-01
9.833333333333332815e-01
9.830508474576271638e-01
9.827586206896551380e-01
1.000000000000000000e+00
1.000000000000000000e+00
1.000000000000000000e+00
1.000000000000000000e+00
1.000000000000000000e+00
1.000000000000000000e+00
1.000000000000000000e+00
1.000000000000000000e+00
1.000000000000000000e+00
1.000000000000000000e+00
1.000000000000000000e+00
1.000000000000000000e+00
1.000000000000000000e+00
1.000000000000000000e+00
1.000000000000000000e+00
1.000000000000000000e+00
1.000000000000000000e+00
1.000000000000000000e+00
1.000000000000000000e+00
1.000000000000000000e+00
1.000000000000000000e+00
1.000000000000000000e+00
1.000000000000000000e+00
1.000000000000000000e+00
1.000000000000000000e+00
1.000000000000000000e+00
1.000000000000000000e+00
1.000000000000000000e+00
1.000000000000000000e+00
1.000000000000000000e+00
1.000000000000000000e+00
1.000000000000000000e+00
1.000000000000000000e+00
1.000000000000000000e+00
1.000000000000000000e+00
1.000000000000000000e+00
1.000000000000000000e+00
1.000000000000000000e+00
1.000000000000000000e+00
1.000000000000000000e+00
1.000000000000000000e+00
1.000000000000000000e+00
1.000000000000000000e+00
1.000000000000000000e+00
1.000000000000000000e+00
1.000000000000000000e+00
1.000000000000000000e+00
1.000000000000000000e+00
1.000000000000000000e+00
1.000000000000000000e+00
1.000000000000000000e+00
1.000000000000000000e+00
1.000000000000000000e+00
1.000000000000000000e+00
1.000000000000000000e+00
1.000000000000000000e+00
1.000000000000000000e+00
1.000000000000000000e+00
