1.000000000000000000e+00
9.977477477477477708e-01
9.977477477477477708e-01
9.977477477477477708e-01
9.977477477477477708e-01
9.977477477477477708e-01
9.977477477477477708e-01
9.977477477477477708e-01
9.977477477477477708e-01
9.977477477477477708e-01
9.977477477477477708e-01
9.977477477477477708e-01
9.977477477477477708e-01
9.977477477477477708e-01
9.977477477477477708e-01
9.977477477477477708e-01
9.977477477477477708e-01
9.977477477477477708e-01
9.977477477477477708e-01
9.977477477477477708e-01
9.977477477477477708e-01
9.977477477477477708e-01
9.977477477477477708e-01
9.977477477477477708e-01
9.977477477477477708e-01
9.977477477477477708e-01
9.977477477477477708e-01
9.977477477477477708e-01
9.977477477477477708e-01
9.977477477477477708e-01
9.977477477477477708e-01
9.977477477477477708e-01
9.977477477477477708e-01
9.977477477477477708e-01
9.977477477477477708e-01
9.977477477477477708e-01
9.977477477477477708e-01
9.977477477477477708e-01
9.977477477477477708e-01
9.954954954954955415e-01
9.954954954954955415e-01
9.954954954954955415e-01
9.954954954954955415e-01
9.954954954954955415e-01
9.954954954954955415e-01
9.954954954954955415e-01
9.954954954954955415e-01
9.954954954954955415e-01
9.954954954954955415e-01
9.954954954954955415e-01
9.954954954954955415e-01
9.954954954954955415e-01
9.954954954954955415e-01
9.954954954954955415e-01
9.954954954954955415e-01
9.954954954954955415e-01
9.954954954954955415e-01
9.954954954954955415e-01
9.954954954954955415e-01
9.954954954954955415e-01
9.954954954954955415e-01
9.954954954954955415e-01
9.954954954954955415e-01
9.954954954954955415e-01
9.954954954954955415e-01
9.954954954954955415e-01
9.954954954954955415e-01
9.954954954954955415e-01
9.954954954954955415e-01
9.954954954954955415e-01
9.954954954954955415e-01
9.954954954954955415e-01
9.954954954954955415e-01
9.954954954954955415e-01
9.954954954954955415e-01
9.954954954954955415e-01
9.954954954954955415e-01
9.954954954954955415e-01
9.954954954954955415e-01
9.954954954954955415e-01
9.954954954954955415e-01
9.932432432432432012e-01
9.932432432432432012e-01
9.932432432432432012e-01
9.932432432432432012e-01
9.932432432432432012e-01
9.932432432432432012e-01
9.932432432432432012e-01
9.932432432432432012e-01
9.932432432432432012e-01
9.932432432432432012e-01
9.932432432432432012e-01
9.932432432432432012e-01
9.932432432432432012e-01
9.932432432432432012e-01
9.932432432432432012e-01
9.932432432432432012e-01
9.932432432432432012e-01
9.932432432432432012e-01
9.932432432432432012e-01
9.932432432432432012e-01
9.932432432432432012e-01
9.932432432432432012e-01
9.932432432432432012e-01
9.932432432432432012e-01
9.932432432432432012e-01
9.932432432432432012e-01
9.932432432432432012e-01
9.932432432432432012e-01
9.932432432432432012e-01
9.932432432432432012e-01
9.932432432432432012e-01
9.932432432432432012e-01
9.932432432432432012e-01
9.932432432432432012e-01
9.932432432432432012e-01
9.932432432432432012e-01
9.932432432432432012e-01
9.932432432432432012e-01
9.932432432432432012e-01
9.909909909909909720e-01
9.909909909909909720e-01
9.909909909909909720e-01
9.909909909909909720e-01
9.909909909909909720e-01
9.887387387387387427e-01
9.887387387387387427e-01
9.887387387387387427e-01
9.887387387387387427e-01
9.887387387387387427e-01
9.887387387387387427e-01
9.887387387387387427e-01
9.887387387387387427e-01
9.887387387387387427e-01
9.887387387387387427e-01
9.887387387387387427e-01
9.887387387387387427e-01
9.887387387387387427e-01
9.887387387387387427e-01
9.887387387387387427e-01
9.887387387387387427e-01
9.887387387387387427e-01
9.887387387387387427e-01
9.887387387387387427e-01
9.887387387387387427e-01
9.887387387387387427e-01
9.887387387387387427e-01
9.887387387387387427e-01
9.887387387387387427e-01
9.887387387387387427e-01
9.887387387387387427e-01
9.887387387387387427e-01
9.887387387387387427e-01
9.887387387387387427e-01
9.887387387387387427e-01
9.887387387387387427e-01
9.887387387387387427e-01
9.887387387387387427e-01
9.887387387387387427e-01
9.887387387387387427e-01
9.887387387387387427e-01
9.887387387387387427e-01
9.887387387387387427e-01
9.887387387387387427e-01
9.887387387387387427e-01
9.887387387387387427e-01
9.887387387387387427e-01
9.887387387387387427e-01
9.887387387387387427e-01
9.887387387387387427e-01
9.887387387387387427e-01
9.887387387387387427e-01
9.887387387387387427e-01
9.887387387387387427e-01
9.887387387387387427e-01
9.887387387387387427e-01
9.887387387387387427e-01
9.887387387387387427e-01
9.887387387387387427e-01
9.887387387387387427e-01
9.887387387387387427e-01
9.887387387387387427e-01
9.887387387387387427e-01
9.887387387387387427e-01
9.887387387387387427e-01
9.887387387387387427e-01
9.887387387387387427e-01
9.887387387387387427e-01
9.887387387387387427e-01
9.887387387387387427e-01
9.887387387387387427e-01
9.887387387387387427e-01
9.887387387387387427e-01
9.887387387387387427e-01
9.887387387387387427e-01
9.887387387387387427e-01
9.887387387387387427e-01
9.887387387387387427e-01
9.887387387387387427e-01
9.887387387387387427e-01
9.887387387387387427e-01
9.887387387387387427e-01
9.887387387387387427e-01
9.887387387387387427e-01
9.887387387387387427e-01
9.864864864864865135e-01
9.864864864864865135e-01
9.864864864864865135e-01
9.864864864864865135e-01
9.864864864864865135e-01
9.864864864864865135e-01
9.864864864864865135e-01
9.864864864864865135e-01
9.864864864864865135e-01
9.864864864864865135e-01
9.864864864864865135e-01
9.864864864864865135e-01
9.864864864864865135e-01
9.864864864864865135e-01
9.864864864864865135e-01
9.864864864864865135e-01
9.864864864864865135e-01
9.864864864864865135e-01
9.864864864864865135e-01
9.864864864864865135e-01
9.864864864864865135e-01
9.864864864864865135e-01
9.864864864864865135e-01
9.864864864864865135e-01
9.864864864864865135e-01
9.864864864864865135e-01
9.864864864864865135e-01
9.864864864864865135e-01
9.864864864864865135e-01
9.842342342342342842e-01
9.842342342342342842e-01
9.842342342342342842e-01
9.842342342342342842e-01
9.842342342342342842e-01
9.842342342342342842e-01
9.842342342342342842e-01
9.842342342342342842e-01
9.842342342342342842e-01
9.842342342342342842e-01
9.842342342342342842e-01
9.842342342342342842e-01
9.842342342342342842e-01
9.842342342342342842e-01
9.842342342342342842e-01
9.842342342342342842e-01
9.842342342342342842e-01
9.842342342342342842e-01
9.842342342342342842e-01
9.842342342342342842e-01
9.842342342342342842e-01
9.842342342342342842e-01
9.842342342342342842e-01
9.842342342342342842e-01
9.842342342342342842e-01
9.842342342342342842e-01
9.842342342342342842e-01
9.842342342342342842e-01
9.842342342342342842e-01
9.842342342342342842e-01
9.842342342342342842e-01
9.842342342342342842e-01
9.842342342342342842e-01
9.842342342342342842e-01
9.842342342342342842e-01
9.842342342342342842e-01
9.842342342342342842e-01
9.842342342342342842e-01
9.842342342342342842e-01
9.842342342342342842e-01
9.842342342342342842e-01
9.842342342342342842e-01
9.842342342342342842e-01
9.842342342342342842e-01
9.842342342342342842e-01
9.842342342342342842e-01
9.842342342342342842e-01
9.842342342342342842e-01
9.842342342342342842e-01
9.842342342342342842e-01
9.842342342342342842e-01
9.842342342342342842e-01
9.842342342342342842e-01
9.842342342342342842e-01
9.842342342342342842e-01
9.842342342342342842e-01
9.842342342342342842e-01
9.842342342342342842e-01
9.842342342342342842e-01
9.842342342342342842e-01
9.842342342342342842e-01
9.842342342342342842e-01
9.842342342342342842e-01
9.842342342342342842e-01
9.842342342342342842e-01
9.842342342342342842e-01
9.842342342342342842e-01
9.842342342342342842e-01
9.842342342342342842e-01
9.842342342342342842e-01
9.842342342342342842e-01
9.842342342342342842e-01
9.842342342342342842e-01
9.842342342342342842e-01
9.842342342342342842e-01
9.842342342342342842e-01
9.842342342342342842e-01
9.842342342342342842e-01
9.819819819819819440e-01
9.819819819819819440e-01
9.819819819819819440e-01
9.819819819819819440e-01
9.819819819819819440e-01
9.819819819819819440e-01
9.819819819819819440e-01
9.819819819819819440e-01
9.819819819819819440e-01
9.819819819819819440e-01
9.819819819819819440e-01
9.819819819819819440e-01
9.819819819819819440e-01
9.819819819819819440e-01
9.819819819819819440e-01
9.819819819819819440e-01
9.819819819819819440e-01
9.819819819819819440e-01
9.819819819819819440e-01
9.819819819819819440e-01
9.819819819819819440e-01
9.819819819819819440e-01
9.819819819819819440e-01
9.819819819819819440e-01
9.819819819819819440e-01
9.819819819819819440e-01
9.819819819819819440e-01
9.819819819819819440e-01
9.819819819819819440e-01
9.797297297297297147e-01
9.797297297297297147e-01
9.774774774774774855e-01
9.774774774774774855e-01
9.774774774774774855e-01
9.774774774774774855e-01
9.774774774774774855e-01
9.774774774774774855e-01
9.774774774774774855e-01
9.774774774774774855e-01
9.774774774774774855e-01
9.774774774774774855e-01
9.774774774774774855e-01
9.774774774774774855e-01
9.774774774774774855e-01
9.752252252252252562e-01
9.752252252252252562e-01
9.752252252252252562e-01
9.752252252252252562e-01
9.752252252252252562e-01
9.752252252252252562e-01
9.752252252252252562e-01
9.752252252252252562e-01
9.752252252252252562e-01
9.752252252252252562e-01
9.752252252252252562e-01
9.752252252252252562e-01
9.752252252252252562e-01
9.752252252252252562e-01
9.752252252252252562e-01
9.752252252252252562e-01
9.752252252252252562e-01
9.752252252252252562e-01
9.752252252252252562e-01
9.752252252252252562e-01
9.752252252252252562e-01
9.752252252252252562e-01
9.752252252252252562e-01
9.752252252252252562e-01
9.752252252252252562e-01
9.752252252252252562e-01
9.752252252252252562e-01
9.752252252252252562e-01
9.752252252252252562e-01
9.729729729729730270e-01
9.707207207207206867e-01
9.707207207207206867e-01
9.707207207207206867e-01
9.707207207207206867e-01
9.707207207207206867e-01
9.707207207207206867e-01
9.684684684684684575e-01
9.684684684684684575e-01
9.684684684684684575e-01
9.684684684684684575e-01
9.662162162162162282e-01
9.639639639639639990e-01
9.639639639639639990e-01
9.639639639639639990e-01
9.639639639639639990e-01
9.639639639639639990e-01
9.639639639639639990e-01
9.639639639639639990e-01
9.617117117117116587e-01
9.617117117117116587e-01
9.617117117117116587e-01
9.617117117117116587e-01
9.617117117117116587e-01
9.617117117117116587e-01
9.617117117117116587e-01
9.617117117117116587e-01
9.617117117117116587e-01
9.617117117117116587e-01
9.617117117117116587e-01
9.617117117117116587e-01
9.617117117117116587e-01
9.617117117117116587e-01
9.617117117117116587e-01
9.617117117117116587e-01
9.617117117117116587e-01
9.617117117117116587e-01
9.617117117117116587e-01
9.617117117117116587e-01
9.617117117117116587e-01
9.617117117117116587e-01
9.617117117117116587e-01
9.617117117117116587e-01
9.617117117117116587e-01
9.617117117117116587e-01
9.617117117117116587e-01
9.594594594594594295e-01
9.594594594594594295e-01
9.594594594594594295e-01
9.572072072072072002e-01
9.572072072072072002e-01
9.572072072072072002e-01
9.572072072072072002e-01
9.549549549549549710e-01
9.549549549549549710e-01
9.549549549549549710e-01
9.549549549549549710e-01
9.549549549549549710e-01
9.527027027027027417e-01
9.527027027027027417e-01
9.527027027027027417e-01
9.527027027027027417e-01
9.527027027027027417e-01
9.527027027027027417e-01
9.527027027027027417e-01
9.527027027027027417e-01
9.527027027027027417e-01
9.527027027027027417e-01
9.504504504504504014e-01
9.504504504504504014e-01
9.504504504504504014e-01
9.504504504504504014e-01
9.481981981981981722e-01
9.481981981981981722e-01
9.459459459459459429e-01
9.459459459459459429e-01
9.459459459459459429e-01
9.459459459459459429e-01
9.459459459459459429e-01
9.459459459459459429e-01
9.459459459459459429e-01
9.459459459459459429e-01
9.459459459459459429e-01
9.459459459459459429e-01
9.459459459459459429e-01
9.459459459459459429e-01
9.459459459459459429e-01
9.459459459459459429e-01
9.459459459459459429e-01
9.459459459459459429e-01
9.459459459459459429e-01
9.436936936936937137e-01
9.436936936936937137e-01
9.414414414414414845e-01
9.414414414414414845e-01
9.414414414414414845e-01
9.391891891891891442e-01
9.391891891891891442e-01
9.391891891891891442e-01
9.391891891891891442e-01
9.391891891891891442e-01
9.391891891891891442e-01
9.391891891891891442e-01
9.369369369369369149e-01
9.369369369369369149e-01
9.369369369369369149e-01
9.369369369369369149e-01
9.369369369369369149e-01
9.346846846846846857e-01
9.346846846846846857e-01
9.346846846846846857e-01
9.346846846846846857e-01
9.346846846846846857e-01
9.346846846846846857e-01
9.346846846846846857e-01
9.346846846846846857e-01
9.346846846846846857e-01
9.324324324324324564e-01
9.324324324324324564e-01
9.324324324324324564e-01
9.324324324324324564e-01
9.301801801801802272e-01
9.301801801801802272e-01
9.301801801801802272e-01
9.301801801801802272e-01
9.301801801801802272e-01
9.301801801801802272e-01
9.301801801801802272e-01
9.301801801801802272e-01
9.301801801801802272e-01
9.301801801801802272e-01
9.301801801801802272e-01
9.279279279279278869e-01
9.279279279279278869e-01
9.279279279279278869e-01
9.279279279279278869e-01
9.279279279279278869e-01
9.256756756756756577e-01
9.256756756756756577e-01
9.256756756756756577e-01
9.256756756756756577e-01
9.256756756756756577e-01
9.256756756756756577e-01
9.256756756756756577e-01
9.256756756756756577e-01
9.256756756756756577e-01
9.256756756756756577e-01
9.256756756756756577e-01
9.234234234234234284e-01
9.234234234234234284e-01
9.234234234234234284e-01
9.234234234234234284e-01
9.234234234234234284e-01
9.234234234234234284e-01
9.234234234234234284e-01
9.211711711711711992e-01
9.211711711711711992e-01
9.189189189189189699e-01
9.189189189189189699e-01
9.189189189189189699e-01
9.189189189189189699e-01
9.166666666666666297e-01
9.166666666666666297e-01
9.166666666666666297e-01
9.166666666666666297e-01
9.166666666666666297e-01
9.166666666666666297e-01
9.166666666666666297e-01
9.144144144144144004e-01
9.144144144144144004e-01
9.144144144144144004e-01
9.144144144144144004e-01
9.144144144144144004e-01
9.121621621621621712e-01
9.099099099099099419e-01
9.099099099099099419e-01
9.099099099099099419e-01
9.099099099099099419e-01
9.099099099099099419e-01
9.099099099099099419e-01
9.099099099099099419e-01
9.099099099099099419e-01
9.099099099099099419e-01
9.076576576576577127e-01
9.054054054054053724e-01
9.054054054054053724e-01
9.031531531531531432e-01
9.031531531531531432e-01
9.009009009009009139e-01
8.986486486486486847e-01
8.986486486486486847e-01
8.986486486486486847e-01
8.986486486486486847e-01
8.986486486486486847e-01
8.986486486486486847e-01
8.986486486486486847e-01
8.986486486486486847e-01
8.963963963963963444e-01
8.963963963963963444e-01
8.963963963963963444e-01
8.963963963963963444e-01
8.963963963963963444e-01
8.963963963963963444e-01
8.963963963963963444e-01
8.941441441441441151e-01
8.941441441441441151e-01
8.918918918918918859e-01
8.918918918918918859e-01
8.896396396396396566e-01
8.873873873873874274e-01
8.873873873873874274e-01
8.851351351351350871e-01
8.851351351351350871e-01
8.851351351351350871e-01
8.851351351351350871e-01
8.828828828828828579e-01
8.828828828828828579e-01
8.828828828828828579e-01
8.828828828828828579e-01
8.806306306306306286e-01
8.783783783783783994e-01
8.783783783783783994e-01
8.783783783783783994e-01
8.761261261261261701e-01
8.761261261261261701e-01
8.761261261261261701e-01
8.761261261261261701e-01
8.761261261261261701e-01
8.761261261261261701e-01
8.738738738738738299e-01
8.738738738738738299e-01
8.716216216216216006e-01
8.716216216216216006e-01
8.716216216216216006e-01
8.716216216216216006e-01
8.716216216216216006e-01
8.716216216216216006e-01
8.693693693693693714e-01
8.693693693693693714e-01
8.693693693693693714e-01
8.693693693693693714e-01
8.671171171171171421e-01
8.671171171171171421e-01
8.671171171171171421e-01
8.648648648648649129e-01
8.648648648648649129e-01
8.626126126126125726e-01
8.626126126126125726e-01
8.626126126126125726e-01
8.626126126126125726e-01
8.603603603603603434e-01
8.603603603603603434e-01
8.581081081081081141e-01
8.581081081081081141e-01
8.581081081081081141e-01
8.581081081081081141e-01
8.581081081081081141e-01
8.581081081081081141e-01
8.581081081081081141e-01
8.581081081081081141e-01
8.558558558558558849e-01
8.536036036036036556e-01
8.536036036036036556e-01
8.536036036036036556e-01
8.513513513513513153e-01
8.513513513513513153e-01
8.513513513513513153e-01
8.490990990990990861e-01
8.490990990990990861e-01
8.468468468468468568e-01
8.445945945945946276e-01
8.445945945945946276e-01
8.445945945945946276e-01
8.445945945945946276e-01
8.423423423423422873e-01
8.400900900900900581e-01
8.400900900900900581e-01
8.400900900900900581e-01
8.378378378378378288e-01
8.355855855855855996e-01
8.333333333333333703e-01
8.310810810810810301e-01
8.288288288288288008e-01
8.288288288288288008e-01
8.288288288288288008e-01
8.265765765765765716e-01
8.265765765765765716e-01
8.243243243243243423e-01
8.220720720720721131e-01
8.198198198198197728e-01
8.175675675675675436e-01
8.175675675675675436e-01
8.153153153153153143e-01
8.153153153153153143e-01
8.130630630630630851e-01
8.108108108108108558e-01
8.108108108108108558e-01
8.108108108108108558e-01
8.108108108108108558e-01
8.108108108108108558e-01
8.085585585585585155e-01
8.063063063063062863e-01
8.063063063063062863e-01
8.063063063063062863e-01
8.040540540540540571e-01
8.040540540540540571e-01
8.018018018018018278e-01
7.995495495495495986e-01
7.972972972972972583e-01
7.972972972972972583e-01
7.972972972972972583e-01
7.972972972972972583e-01
7.972972972972972583e-01
7.972972972972972583e-01
7.972972972972972583e-01
7.972972972972972583e-01
7.972972972972972583e-01
7.972972972972972583e-01
7.950450450450450290e-01
7.950450450450450290e-01
7.927927927927927998e-01
7.927927927927927998e-01
7.905405405405405705e-01
7.905405405405405705e-01
7.882882882882883413e-01
7.882882882882883413e-01
7.860360360360360010e-01
7.860360360360360010e-01
7.860360360360360010e-01
7.837837837837837718e-01
7.815315315315315425e-01
7.815315315315315425e-01
7.815315315315315425e-01
7.815315315315315425e-01
7.815315315315315425e-01
7.792792792792793133e-01
7.792792792792793133e-01
7.792792792792793133e-01
7.770270270270269730e-01
7.770270270270269730e-01
7.770270270270269730e-01
7.770270270270269730e-01
7.747747747747747438e-01
7.725225225225225145e-01
7.702702702702702853e-01
7.680180180180180560e-01
7.680180180180180560e-01
7.657657657657657158e-01
7.635135135135134865e-01
7.612612612612612573e-01
7.612612612612612573e-01
7.612612612612612573e-01
7.590090090090090280e-01
7.567567567567567988e-01
7.567567567567567988e-01
7.545045045045044585e-01
7.545045045045044585e-01
7.545045045045044585e-01
7.522522522522522292e-01
7.500000000000000000e-01
7.477477477477477708e-01
7.477477477477477708e-01
7.454954954954955415e-01
7.454954954954955415e-01
7.432432432432432012e-01
7.409909909909909720e-01
7.387387387387387427e-01
7.364864864864865135e-01
7.342342342342342842e-01
7.342342342342342842e-01
7.319819819819819440e-01
7.319819819819819440e-01
7.319819819819819440e-01
7.297297297297297147e-01
7.274774774774774855e-01
7.252252252252252562e-01
7.252252252252252562e-01
7.252252252252252562e-01
7.229729729729730270e-01
7.207207207207206867e-01
7.184684684684684575e-01
7.184684684684684575e-01
7.184684684684684575e-01
7.162162162162162282e-01
7.162162162162162282e-01
7.139639639639639990e-01
7.139639639639639990e-01
7.117117117117116587e-01
7.117117117117116587e-01
7.117117117117116587e-01
7.117117117117116587e-01
7.094594594594594295e-01
7.072072072072072002e-01
7.049549549549549710e-01
7.027027027027027417e-01
7.027027027027027417e-01
7.027027027027027417e-01
7.027027027027027417e-01
7.004504504504504014e-01
6.981981981981981722e-01
6.959459459459459429e-01
6.959459459459459429e-01
6.959459459459459429e-01
6.936936936936937137e-01
6.936936936936937137e-01
6.936936936936937137e-01
6.914414414414414845e-01
6.891891891891891442e-01
6.891891891891891442e-01
6.891891891891891442e-01
6.869369369369369149e-01
6.846846846846846857e-01
6.824324324324324564e-01
6.801801801801802272e-01
6.779279279279278869e-01
6.779279279279278869e-01
6.779279279279278869e-01
6.756756756756756577e-01
6.756756756756756577e-01
6.756756756756756577e-01
6.734234234234234284e-01
6.711711711711711992e-01
6.711711711711711992e-01
6.711711711711711992e-01
6.689189189189189699e-01
6.666666666666666297e-01
6.644144144144144004e-01
6.644144144144144004e-01
6.621621621621621712e-01
6.621621621621621712e-01
6.599099099099099419e-01
6.599099099099099419e-01
6.599099099099099419e-01
6.576576576576577127e-01
6.554054054054053724e-01
6.531531531531531432e-01
6.531531531531531432e-01
6.509009009009009139e-01
6.486486486486486847e-01
6.463963963963963444e-01
6.441441441441441151e-01
6.418918918918918859e-01
6.418918918918918859e-01
6.396396396396396566e-01
6.373873873873874274e-01
6.373873873873874274e-01
6.351351351351350871e-01
6.351351351351350871e-01
6.328828828828828579e-01
6.306306306306306286e-01
6.283783783783783994e-01
6.261261261261261701e-01
6.238738738738738299e-01
6.238738738738738299e-01
6.216216216216216006e-01
6.193693693693693714e-01
6.171171171171171421e-01
6.148648648648649129e-01
6.126126126126125726e-01
6.103603603603603434e-01
6.103603603603603434e-01
6.081081081081081141e-01
6.081081081081081141e-01
6.058558558558558849e-01
6.036036036036036556e-01
6.036036036036036556e-01
6.013513513513513153e-01
5.990990990990990861e-01
5.968468468468468568e-01
5.945945945945946276e-01
5.923423423423422873e-01
5.900900900900900581e-01
5.900900900900900581e-01
5.878378378378378288e-01
5.855855855855855996e-01
5.833333333333333703e-01
5.810810810810810301e-01
5.788288288288288008e-01
5.765765765765765716e-01
5.743243243243243423e-01
5.720720720720721131e-01
5.698198198198197728e-01
5.675675675675675436e-01
5.653153153153153143e-01
5.630630630630630851e-01
5.608108108108108558e-01
5.608108108108108558e-01
5.585585585585585155e-01
5.563063063063062863e-01
5.563063063063062863e-01
5.540540540540540571e-01
5.540540540540540571e-01
5.518018018018018278e-01
5.495495495495495986e-01
5.472972972972972583e-01
5.450450450450450290e-01
5.450450450450450290e-01
5.427927927927927998e-01
5.405405405405405705e-01
5.382882882882883413e-01
5.360360360360360010e-01
5.337837837837837718e-01
5.315315315315315425e-01
5.292792792792793133e-01
5.270270270270269730e-01
5.247747747747747438e-01
5.247747747747747438e-01
5.225225225225225145e-01
5.202702702702702853e-01
5.202702702702702853e-01
5.180180180180180560e-01
5.157657657657657158e-01
5.135135135135134865e-01
5.112612612612612573e-01
5.090090090090090280e-01
5.067567567567567988e-01
5.045045045045044585e-01
5.045045045045044585e-01
5.022522522522522292e-01
5.000000000000000000e-01
4.977477477477477708e-01
4.954954954954954860e-01
4.932432432432432567e-01
4.909909909909909720e-01
4.909909909909909720e-01
4.887387387387387427e-01
4.864864864864865135e-01
4.842342342342342287e-01
4.819819819819819995e-01
4.797297297297297147e-01
4.774774774774774855e-01
4.752252252252252007e-01
4.752252252252252007e-01
4.729729729729729715e-01
4.729729729729729715e-01
4.707207207207207422e-01
4.707207207207207422e-01
4.684684684684684575e-01
4.662162162162162282e-01
4.639639639639639435e-01
4.617117117117117142e-01
4.594594594594594850e-01
4.572072072072072002e-01
4.572072072072072002e-01
4.549549549549549710e-01
4.527027027027026862e-01
4.504504504504504570e-01
4.481981981981981722e-01
4.459459459459459429e-01
4.436936936936937137e-01
4.414414414414414289e-01
4.391891891891891997e-01
4.369369369369369149e-01
4.346846846846846857e-01
4.324324324324324564e-01
4.301801801801801717e-01
4.279279279279279424e-01
4.256756756756756577e-01
4.234234234234234284e-01
4.211711711711711437e-01
4.189189189189189144e-01
4.166666666666666852e-01
4.144144144144144004e-01
4.121621621621621712e-01
4.099099099099098864e-01
4.076576576576576572e-01
4.054054054054054279e-01
4.031531531531531432e-01
4.009009009009009139e-01
3.986486486486486291e-01
3.963963963963963999e-01
3.941441441441441706e-01
3.918918918918918859e-01
3.896396396396396566e-01
3.873873873873873719e-01
3.851351351351351426e-01
3.828828828828828579e-01
3.806306306306306286e-01
3.783783783783783994e-01
3.761261261261261146e-01
3.738738738738738854e-01
3.716216216216216006e-01
3.693693693693693714e-01
3.671171171171171421e-01
3.648648648648648574e-01
3.648648648648648574e-01
3.626126126126126281e-01
3.603603603603603434e-01
3.603603603603603434e-01
3.581081081081081141e-01
3.558558558558558294e-01
3.536036036036036001e-01
3.536036036036036001e-01
3.513513513513513709e-01
3.490990990990990861e-01
3.468468468468468568e-01
3.445945945945945721e-01
3.423423423423423428e-01
3.400900900900901136e-01
3.378378378378378288e-01
3.355855855855855996e-01
3.333333333333333148e-01
3.310810810810810856e-01
3.288288288288288563e-01
3.265765765765765716e-01
3.243243243243243423e-01
3.243243243243243423e-01
3.220720720720720576e-01
3.198198198198198283e-01
3.175675675675675436e-01
3.153153153153153143e-01
3.130630630630630851e-01
3.108108108108108003e-01
3.085585585585585711e-01
3.063063063063062863e-01
3.040540540540540571e-01
3.018018018018018278e-01
2.995495495495495430e-01
2.972972972972973138e-01
2.950450450450450290e-01
2.927927927927927998e-01
2.905405405405405150e-01
2.882882882882882858e-01
2.860360360360360565e-01
2.837837837837837718e-01
2.815315315315315425e-01
2.792792792792792578e-01
2.770270270270270285e-01
2.747747747747747993e-01
2.725225225225225145e-01
2.702702702702702853e-01
2.680180180180180005e-01
2.657657657657657713e-01
2.635135135135134865e-01
2.612612612612612573e-01
2.590090090090090280e-01
2.567567567567567433e-01
2.545045045045045140e-01
2.522522522522522292e-01
2.500000000000000000e-01
2.477477477477477430e-01
2.454954954954954860e-01
2.432432432432432567e-01
2.409909909909909997e-01
2.387387387387387427e-01
2.364864864864864857e-01
2.342342342342342287e-01
2.319819819819819717e-01
2.297297297297297425e-01
2.274774774774774855e-01
2.252252252252252285e-01
2.229729729729729715e-01
2.207207207207207145e-01
2.184684684684684575e-01
2.162162162162162282e-01
2.139639639639639712e-01
2.117117117117117142e-01
2.094594594594594572e-01
2.072072072072072002e-01
2.049549549549549432e-01
2.027027027027027140e-01
2.004504504504504570e-01
1.981981981981981999e-01
1.959459459459459429e-01
1.936936936936936859e-01
1.914414414414414289e-01
1.891891891891891997e-01
1.869369369369369427e-01
1.846846846846846857e-01
1.824324324324324287e-01
1.801801801801801717e-01
1.779279279279279147e-01
1.756756756756756854e-01
1.734234234234234284e-01
1.711711711711711714e-01
1.689189189189189144e-01
1.666666666666666574e-01
1.644144144144144282e-01
1.621621621621621712e-01
1.599099099099099142e-01
1.576576576576576572e-01
1.554054054054054002e-01
1.531531531531531432e-01
1.509009009009009139e-01
1.486486486486486569e-01
1.463963963963963999e-01
1.441441441441441429e-01
1.418918918918918859e-01
1.396396396396396289e-01
1.373873873873873996e-01
1.373873873873873996e-01
1.351351351351351426e-01
1.328828828828828856e-01
1.306306306306306286e-01
1.283783783783783716e-01
1.261261261261261146e-01
1.238738738738738715e-01
1.216216216216216284e-01
1.193693693693693714e-01
1.171171171171171144e-01
1.148648648648648712e-01
1.126126126126126142e-01
1.103603603603603572e-01
1.081081081081081141e-01
1.058558558558558571e-01
1.036036036036036001e-01
1.013513513513513570e-01
9.909909909909909997e-02
9.684684684684684297e-02
9.459459459459459985e-02
9.234234234234234284e-02
9.009009009009008584e-02
8.783783783783784271e-02
8.558558558558558571e-02
8.333333333333332871e-02
8.108108108108108558e-02
7.882882882882882858e-02
7.657657657657657158e-02
7.432432432432432845e-02
7.207207207207207145e-02
6.981981981981981444e-02
6.756756756756757132e-02
6.531531531531531432e-02
6.306306306306305731e-02
6.081081081081081419e-02
5.855855855855855718e-02
5.630630630630630712e-02
5.405405405405405705e-02
5.180180180180180005e-02
4.954954954954954999e-02
4.729729729729729992e-02
4.504504504504504292e-02
4.279279279279279286e-02
4.054054054054054279e-02
3.828828828828828579e-02
3.603603603603603572e-02
3.378378378378378566e-02
3.153153153153152866e-02
2.927927927927927859e-02
2.702702702702702853e-02
2.477477477477477499e-02
2.252252252252252146e-02
2.027027027027027140e-02
1.801801801801801786e-02
1.576576576576576433e-02
1.351351351351351426e-02
1.126126126126126073e-02
9.009009009009008931e-03
6.756756756756757132e-03
4.504504504504504465e-03
2.252252252252252233e-03
0.000000000000000000e+00
