2.648502588272094727e-01
9.331543445587158203e-01
8.050078153610229492e-01
7.682102173566818237e-02
9.230558872222900391e-01
9.862356781959533691e-01
9.377353191375732422e-01
6.321526765823364258e-01
5.791554450988769531e-01
8.516526222229003906e-01
9.203429222106933594e-01
7.623087763786315918e-01
1.315172296017408371e-02
9.385142922401428223e-01
2.361711114645004272e-01
6.173664927482604980e-01
9.807875156402587891e-01
2.384195625782012939e-01
1.476470679044723511e-01
9.798886179924011230e-01
9.849771261215209961e-01
1.880116909742355347e-01
4.699366390705108643e-01
9.750858545303344727e-01
4.970970749855041504e-02
9.204132556915283203e-01
9.527243375778198242e-01
9.730624556541442871e-01
9.306785464286804199e-01
3.929688632488250732e-01
1.506898999214172363e-01
3.131170198321342468e-02
9.598172307014465332e-01
8.295819163322448730e-01
6.583001464605331421e-03
9.834067225456237793e-01
9.762815237045288086e-01
5.741088390350341797e-01
6.348147392272949219e-01
9.658435583114624023e-01
9.179027676582336426e-01
7.057771682739257812e-01
9.353713989257812500e-01
8.635101914405822754e-01
3.780210614204406738e-01
9.383190274238586426e-01
7.914903163909912109e-01
8.988586068153381348e-01
8.463317751884460449e-01
4.038801193237304688e-01
8.732233643531799316e-01
9.345337748527526855e-01
7.818565964698791504e-01
9.655729532241821289e-01
4.016320109367370605e-01
5.388877391815185547e-01
7.181823849678039551e-01
2.501056492328643799e-01
9.248975515365600586e-01
9.891464710235595703e-01
6.889175176620483398e-01
9.661980867385864258e-01
8.636994361877441406e-01
8.867034316062927246e-01
9.651964306831359863e-01
2.707223594188690186e-01
8.398338556289672852e-01
3.210938274860382080e-01
2.471858859062194824e-01
6.907627582550048828e-01
9.666891098022460938e-01
5.155411958694458008e-01
7.614615559577941895e-01
9.203205108642578125e-01
5.077891349792480469e-01
8.302253484725952148e-01
1.224659234285354614e-01
8.602724671363830566e-01
8.853293657302856445e-01
6.287627220153808594e-01
7.123335003852844238e-01
8.284037113189697266e-01
9.014613628387451172e-01
9.743646383285522461e-01
9.456838369369506836e-01
6.214329004287719727e-01
8.252564668655395508e-01
7.309306412935256958e-02
9.461159110069274902e-01
9.469152688980102539e-01
6.972217559814453125e-01
8.047674894332885742e-01
9.501033425331115723e-01
8.833051919937133789e-01
6.214088201522827148e-01
4.967231452465057373e-01
9.598445892333984375e-01
9.644452929496765137e-01
9.680925607681274414e-01
7.189653515815734863e-01
5.586119294166564941e-01
5.638179779052734375e-01
8.541924357414245605e-01
6.792092323303222656e-01
1.931103616952896118e-01
2.311495132744312286e-02
8.704996109008789062e-01
8.519323468208312988e-01
9.630499482154846191e-01
9.897798299789428711e-01
8.800116181373596191e-01
1.077065020799636841e-01
9.619200825691223145e-01
4.623908698558807373e-01
6.755764037370681763e-02
7.033501267433166504e-01
3.094860911369323730e-01
9.822325706481933594e-01
9.096686840057373047e-01
9.471794962882995605e-01
6.286648511886596680e-01
9.797866344451904297e-01
6.222947239875793457e-01
5.713822245597839355e-01
7.830671072006225586e-01
3.955206871032714844e-01
6.631068587303161621e-01
9.748415350914001465e-01
5.303319096565246582e-01
7.291755676269531250e-01
9.015410542488098145e-01
6.723193451762199402e-03
3.192100226879119873e-01
9.495513439178466797e-01
8.608421683311462402e-01
8.828655481338500977e-01
3.827863633632659912e-01
8.758336901664733887e-01
8.030976057052612305e-01
8.681765198707580566e-01
4.003440737724304199e-01
1.039862781763076782e-01
9.868159890174865723e-01
9.538148641586303711e-01
8.517859578132629395e-01
9.043150544166564941e-01
4.414748847484588623e-01
9.330221414566040039e-01
5.240083932876586914e-01
8.004491925239562988e-01
8.541410565376281738e-01
8.318399190902709961e-01
7.799961566925048828e-01
2.426801472902297974e-01
9.192810654640197754e-01
1.155513972043991089e-01
3.917962908744812012e-01
9.755295515060424805e-01
8.759150505065917969e-01
9.664399623870849609e-01
6.380742788314819336e-01
9.681783318519592285e-01
5.579766035079956055e-01
8.182978034019470215e-01
4.626892507076263428e-01
3.910134360194206238e-02
2.136298082768917084e-02
7.906836271286010742e-01
5.578011274337768555e-01
7.906422019004821777e-01
6.047548651695251465e-01
8.114073276519775391e-01
5.977965593338012695e-01
1.259238421916961670e-01
9.561872482299804688e-01
9.802618026733398438e-01
9.198610782623291016e-01
5.876455307006835938e-01
8.229709863662719727e-01
4.508646428585052490e-01
9.285216331481933594e-01
9.194015860557556152e-01
1.367683149874210358e-02
8.375012874603271484e-01
6.374407410621643066e-01
3.264840841293334961e-01
7.564518451690673828e-01
2.624613344669342041e-01
4.357848763465881348e-01
8.470477461814880371e-01
8.813979625701904297e-01
9.527989625930786133e-01
3.307186067104339600e-01
7.770736813545227051e-01
6.791814565658569336e-01
9.666057825088500977e-01
1.780778318643569946e-01
8.440641760826110840e-01
6.910337209701538086e-01
9.148430228233337402e-01
9.125782251358032227e-01
1.525188703089952469e-02
6.358287483453750610e-02
6.868147850036621094e-01
1.123184934258460999e-01
9.203380346298217773e-01
7.896559238433837891e-01
9.729131460189819336e-01
2.123178392648696899e-01
5.266098380088806152e-01
9.279646277427673340e-01
6.364468932151794434e-01
8.445689082145690918e-01
9.600190520286560059e-01
1.239380463957786560e-01
8.319829702377319336e-01
9.415455460548400879e-01
2.359772473573684692e-01
9.288687109947204590e-01
2.283673286437988281e-01
7.673071026802062988e-01
9.525110721588134766e-01
2.538594901561737061e-01
8.651183247566223145e-01
8.503990173339843750e-01
9.901483654975891113e-01
9.719332456588745117e-01
9.517942070960998535e-01
8.180873095989227295e-02
2.527113854885101318e-01
7.194424271583557129e-01
4.907916486263275146e-01
7.661141753196716309e-01
9.781178832054138184e-01
9.128921627998352051e-01
6.240862607955932617e-01
8.939201235771179199e-01
9.780660867691040039e-01
3.320591151714324951e-01
1.416897475719451904e-01
9.480928778648376465e-01
8.248711228370666504e-01
1.876990310847759247e-02
8.986089229583740234e-01
2.623647451400756836e-01
3.549976348876953125e-01
8.274423480033874512e-01
9.800858050584793091e-02
8.635204434394836426e-01
9.539781808853149414e-01
7.304441332817077637e-01
8.509600758552551270e-01
9.885011911392211914e-01
7.616376280784606934e-01
9.798787832260131836e-01
9.512976408004760742e-01
9.315276741981506348e-01
9.455098509788513184e-01
1.179095357656478882e-02
8.038065433502197266e-01
5.338993668556213379e-01
9.720619916915893555e-01
8.112016916275024414e-01
8.836940526962280273e-01
8.850477933883666992e-01
9.133809804916381836e-01
8.568552732467651367e-01
4.177628159523010254e-01
9.650020003318786621e-01
7.938290238380432129e-01
9.346078038215637207e-01
6.507690548896789551e-01
8.657012581825256348e-01
4.118233919143676758e-01
9.372189044952392578e-01
9.511339664459228516e-01
7.130284309387207031e-01
9.750502705574035645e-01
8.042781352996826172e-01
4.899699985980987549e-01
2.443704158067703247e-01
7.671331167221069336e-01
8.671827912330627441e-01
2.335862666368484497e-01
1.900063902139663696e-01
6.332834362983703613e-01
5.974779129028320312e-01
6.647668480873107910e-01
3.945753872394561768e-01
6.205049753189086914e-01
8.486225008964538574e-01
8.182367086410522461e-01
8.199890255928039551e-01
9.671562910079956055e-01
4.183352887630462646e-01
7.616924494504928589e-02
9.141244292259216309e-01
5.532427430152893066e-01
1.972039490938186646e-01
6.036483645439147949e-01
1.406939476728439331e-01
4.524394869804382324e-01
7.000179886817932129e-01
4.214385896921157837e-02
1.985678225755691528e-01
5.729932785034179688e-01
8.245188593864440918e-01
8.647457361221313477e-01
9.873147010803222656e-01
1.492276638746261597e-01
9.192323088645935059e-01
8.996670246124267578e-01
6.546676158905029297e-01
9.668387174606323242e-01
6.533153057098388672e-01
3.729878067970275879e-01
9.220086336135864258e-01
9.239924550056457520e-01
3.853785991668701172e-02
2.697943150997161865e-01
9.156671166419982910e-01
1.297982130199670792e-02
3.994215652346611023e-02
4.440061748027801514e-01
3.215892612934112549e-01
6.635656356811523438e-01
9.417883753776550293e-01
8.413754105567932129e-01
8.583807945251464844e-01
4.486518502235412598e-01
9.092331528663635254e-01
6.997045874595642090e-02
9.737682342529296875e-01
4.354183375835418701e-01
2.256293781101703644e-02
4.894728362560272217e-01
9.499539136886596680e-01
9.673824906349182129e-01
1.014364063739776611e-01
9.255848526954650879e-01
9.643765091896057129e-01
3.786844015121459961e-01
8.964914679527282715e-01
6.874155998229980469e-01
9.667271971702575684e-01
8.947353959083557129e-01
8.105541467666625977e-01
4.704320058226585388e-02
9.545425772666931152e-01
9.448081851005554199e-01
3.346994221210479736e-01
3.095995485782623291e-01
1.040453612804412842e-01
8.716173171997070312e-01
9.718152284622192383e-01
1.572572141885757446e-01
8.500374555587768555e-01
8.284103870391845703e-01
9.857215881347656250e-01
9.359892606735229492e-01
7.169275283813476562e-01
3.889310359954833984e-01
8.057180047035217285e-01
9.884120821952819824e-01
7.407613396644592285e-01
7.537513971328735352e-01
8.021708130836486816e-01
6.962216496467590332e-01
1.336029022932052612e-01
8.468477725982666016e-01
9.529423117637634277e-01
7.375006079673767090e-01
4.637092947959899902e-01
9.629293084144592285e-01
5.604909658432006836e-01
8.906327486038208008e-01
4.681483507156372070e-01
3.316388130187988281e-01
5.218601822853088379e-01
6.573210954666137695e-01
9.512023925781250000e-01
8.792711496353149414e-01
9.638687968254089355e-01
9.852817654609680176e-01
8.948541283607482910e-01
9.180639982223510742e-01
7.457020282745361328e-01
3.934454619884490967e-01
6.618880033493041992e-01
6.633837223052978516e-01
9.798073768615722656e-01
9.370093345642089844e-01
4.137257933616638184e-01
1.502299606800079346e-01
1.827433854341506958e-01
9.457014203071594238e-01
8.821167349815368652e-01
6.948285698890686035e-01
3.609503805637359619e-01
4.728233069181442261e-02
1.120767071843147278e-01
8.039847612380981445e-01
7.871164679527282715e-01
2.821485102176666260e-01
3.683440387248992920e-01
9.531881809234619141e-01
3.303591609001159668e-01
3.168738260865211487e-02
8.561459779739379883e-01
7.870457172393798828e-01
7.455887198448181152e-01
9.629133939743041992e-01
7.558490037918090820e-01
1.122498586773872375e-01
6.163147091865539551e-01
9.719781875610351562e-01
6.714696530252695084e-03
2.371259629726409912e-01
6.192445755004882812e-01
9.714028835296630859e-01
9.325553774833679199e-01
9.723374247550964355e-01
8.373119235038757324e-01
5.414960384368896484e-01
8.348907232284545898e-01
9.917061328887939453e-01
6.403045654296875000e-01
9.459561109542846680e-01
5.077114105224609375e-01
8.715310096740722656e-01
9.754468798637390137e-01
8.038778305053710938e-01
1.752367764711380005e-01
8.236934542655944824e-01
1.210876852273941040e-01
9.867876768112182617e-01
8.356509804725646973e-01
9.655142426490783691e-01
9.578369855880737305e-01
4.652446210384368896e-01
8.998062014579772949e-01
9.628416895866394043e-01
7.633467316627502441e-01
6.730456948280334473e-01
