7.617434263229370117e-01
1.710073053836822510e-01
9.920754432678222656e-01
7.808110117912292480e-01
8.525732755661010742e-01
9.971741437911987305e-01
9.874116778373718262e-01
2.721213698387145996e-01
6.396908760070800781e-01
9.551106691360473633e-01
9.948611855506896973e-01
9.904562830924987793e-01
9.052615612745285034e-02
9.852710962295532227e-01
8.997725322842597961e-03
8.960970044136047363e-01
9.980744123458862305e-01
1.162166595458984375e-01
1.866804659366607666e-01
9.983314871788024902e-01
9.958502054214477539e-01
3.358112573623657227e-01
9.462745189666748047e-01
9.904906749725341797e-01
1.927249580621719360e-01
5.418287515640258789e-01
9.948122501373291016e-01
9.883365035057067871e-01
9.944813251495361328e-01
8.841890096664428711e-01
1.834992170333862305e-01
9.238636493682861328e-02
9.982686042785644531e-01
9.888866543769836426e-01
1.316583435982465744e-02
9.952567219734191895e-01
9.775570034980773926e-01
2.761775851249694824e-01
7.783675789833068848e-01
9.670693278312683105e-01
9.689093828201293945e-01
3.522190451622009277e-01
8.362132906913757324e-01
9.917441010475158691e-01
9.060609936714172363e-01
9.643279910087585449e-01
9.483426809310913086e-01
9.665231108665466309e-01
9.832390546798706055e-01
8.172461390495300293e-01
9.962905645370483398e-01
9.774777889251708984e-01
9.870549440383911133e-01
9.834330081939697266e-01
9.238330125808715820e-01
8.440409898757934570e-01
8.204294443130493164e-01
5.952073335647583008e-01
9.643874168395996094e-01
9.962618947029113770e-01
7.349753975868225098e-01
9.967779517173767090e-01
5.987144112586975098e-01
3.383090496063232422e-01
9.691212773323059082e-01
4.431417584419250488e-01
9.843223690986633301e-01
3.168008103966712952e-02
9.267939925193786621e-01
7.974877953529357910e-01
9.954431056976318359e-01
8.886781334877014160e-01
5.615954995155334473e-01
9.907597303390502930e-01
2.176483124494552612e-01
9.078262448310852051e-01
4.613633453845977783e-01
9.861485958099365234e-01
9.905782341957092285e-01
9.137490391731262207e-01
6.468022465705871582e-01
9.883984923362731934e-01
9.672021269798278809e-01
8.992748260498046875e-01
9.887132644653320312e-01
6.768417954444885254e-01
9.818296432495117188e-01
1.572162657976150513e-01
9.762868285179138184e-01
7.902047634124755859e-01
1.378937214612960815e-01
8.728610873222351074e-01
9.954061508178710938e-01
9.733177423477172852e-01
9.535160660743713379e-01
7.480177879333496094e-01
9.957404136657714844e-01
9.954285621643066406e-01
9.939159750938415527e-01
8.069075942039489746e-01
9.656054973602294922e-01
9.473134875297546387e-01
9.744370579719543457e-01
9.949244260787963867e-01
9.044184684753417969e-01
4.092607274651527405e-02
5.904515981674194336e-01
8.884521722793579102e-01
9.611750245094299316e-01
9.952261447906494141e-01
9.628340601921081543e-01
5.726021528244018555e-01
9.963184595108032227e-01
5.329043865203857422e-01
6.849429011344909668e-01
9.759016036987304688e-01
3.091917932033538818e-01
9.945335388183593750e-01
4.878557324409484863e-01
9.931983351707458496e-01
9.350711107254028320e-01
9.963149428367614746e-01
9.445915818214416504e-01
9.918055534362792969e-01
3.259342908859252930e-01
2.945291697978973389e-01
2.961353957653045654e-01
9.982403516769409180e-01
9.940553903579711914e-01
1.401104331016540527e-01
9.947368502616882324e-01
4.751696716994047165e-03
3.346869349479675293e-01
9.954053163528442383e-01
9.724150896072387695e-01
9.342432022094726562e-01
5.640333294868469238e-01
9.959279894828796387e-01
9.587306976318359375e-01
9.577565193176269531e-01
8.981784582138061523e-01
2.539788372814655304e-02
9.980756044387817383e-01
9.891704916954040527e-01
9.916189908981323242e-01
9.935384392738342285e-01
1.035816296935081482e-01
9.976038336753845215e-01
4.350745677947998047e-02
6.333541870117187500e-01
7.210356593132019043e-01
9.663059115409851074e-01
9.348247647285461426e-01
9.391733407974243164e-01
9.831114411354064941e-01
3.221986591815948486e-01
1.535079479217529297e-01
9.955707192420959473e-01
9.927068352699279785e-01
9.940589666366577148e-01
9.579185843467712402e-01
9.973574280738830566e-01
3.363685607910156250e-01
3.595178723335266113e-01
8.746415376663208008e-01
5.942395702004432678e-02
1.310943216085433960e-01
7.357466816902160645e-01
3.089376389980316162e-01
9.591049551963806152e-01
1.576223820447921753e-01
9.893311262130737305e-01
9.359181523323059082e-01
5.457970872521400452e-02
9.552552103996276855e-01
9.974587559700012207e-01
9.956238865852355957e-01
2.664512395858764648e-01
8.217707872390747070e-01
8.295353055000305176e-01
9.958260059356689453e-01
9.734912514686584473e-01
3.832996264100074768e-02
9.959208965301513672e-01
9.390152096748352051e-01
4.061770141124725342e-01
9.251716136932373047e-01
9.476040601730346680e-01
4.386852085590362549e-01
3.513904511928558350e-01
9.957060217857360840e-01
9.952149391174316406e-01
4.202504083514213562e-02
9.969229102134704590e-01
3.820206522941589355e-01
9.904787540435791016e-01
7.451237738132476807e-02
9.454969763755798340e-01
8.294473886489868164e-01
9.957329630851745605e-01
9.729352593421936035e-01
7.101405411958694458e-02
2.490880787372589111e-01
9.762065410614013672e-01
6.080077588558197021e-02
9.984567165374755859e-01
9.930175542831420898e-01
9.917233586311340332e-01
8.139024972915649414e-01
5.474156737327575684e-01
8.827666044235229492e-01
9.716916084289550781e-01
9.826524257659912109e-01
9.979507327079772949e-01
3.654240965843200684e-01
9.946683049201965332e-01
9.973073005676269531e-01
3.041354753077030182e-02
9.919680953025817871e-01
2.610766291618347168e-01
9.821881651878356934e-01
9.918518662452697754e-01
9.511910676956176758e-01
8.048488497734069824e-01
9.586213827133178711e-01
9.973900914192199707e-01
9.953513145446777344e-01
9.956446886062622070e-01
1.248632371425628662e-01
2.002214342355728149e-01
9.912794232368469238e-01
6.740155220031738281e-01
1.475333422422409058e-01
9.953886270523071289e-01
3.520719110965728760e-01
3.483724892139434814e-01
9.388533830642700195e-01
9.815706610679626465e-01
7.536238431930541992e-01
7.961324602365493774e-02
9.882466197013854980e-01
9.351401925086975098e-01
8.362780213356018066e-01
9.549779295921325684e-01
8.672156333923339844e-01
2.100875526666641235e-01
9.127976894378662109e-01
1.000746488571166992e-01
9.533976912498474121e-01
9.878522157669067383e-01
9.842026233673095703e-01
8.673081398010253906e-01
9.920610189437866211e-01
8.848586082458496094e-01
9.968686699867248535e-01
9.962155222892761230e-01
9.699140191078186035e-01
9.454815387725830078e-01
7.399686146527528763e-03
9.554886817932128906e-01
3.841761052608489990e-01
9.967465400695800781e-01
8.815295696258544922e-01
9.967610239982604980e-01
9.809930324554443359e-01
9.944649338722229004e-01
9.736894369125366211e-01
5.716580748558044434e-01
9.847460985183715820e-01
8.117903470993041992e-01
9.777756333351135254e-01
9.444366097450256348e-01
9.792231321334838867e-01
8.246273398399353027e-01
9.955124258995056152e-01
9.956547021865844727e-01
6.343854069709777832e-01
9.953808784484863281e-01
8.486564159393310547e-01
9.596467614173889160e-01
9.174070954322814941e-01
5.821431875228881836e-01
7.681919932365417480e-01
6.495419740676879883e-01
5.218569934368133545e-02
9.462231397628784180e-01
9.738523960113525391e-01
7.874476909637451172e-01
5.543505549430847168e-01
6.619153022766113281e-01
8.050687909126281738e-01
9.558320045471191406e-01
8.289780020713806152e-01
9.789075255393981934e-01
9.272392392158508301e-01
8.031694889068603516e-01
9.904154539108276367e-01
7.277436852455139160e-01
6.212601661682128906e-01
8.269160985946655273e-01
5.801154971122741699e-01
5.299632251262664795e-02
3.992319703102111816e-01
2.063015550374984741e-01
4.008363187313079834e-01
8.894757032394409180e-01
8.621808886528015137e-01
6.801006793975830078e-01
9.966143965721130371e-01
3.618878424167633057e-01
9.700741767883300781e-01
9.898002743721008301e-01
7.050983905792236328e-01
9.739807844161987305e-01
9.438893795013427734e-01
8.342135548591613770e-01
9.886817932128906250e-01
9.612328410148620605e-01
1.551686320453882217e-02
8.678964376449584961e-01
9.959772229194641113e-01
3.808485344052314758e-02
5.911480635404586792e-03
5.255463123321533203e-01
5.817708000540733337e-02
9.725386500358581543e-01
9.878551363945007324e-01
9.934743046760559082e-01
9.907490611076354980e-01
7.851492166519165039e-01
9.941712021827697754e-01
4.762660861015319824e-01
9.627867937088012695e-01
1.471553295850753784e-01
3.335120975971221924e-01
9.339152574539184570e-01
9.933245778083801270e-01
9.963627457618713379e-01
8.366113901138305664e-02
9.618418216705322266e-01
9.959677457809448242e-01
9.299387931823730469e-01
9.934192299842834473e-01
1.273263096809387207e-01
9.876985549926757812e-01
9.681223630905151367e-01
9.659488797187805176e-01
2.105036675930023193e-01
9.833015203475952148e-01
9.953859448432922363e-01
3.914056122303009033e-01
1.202744767069816589e-01
2.686980068683624268e-01
9.525681138038635254e-01
9.890033602714538574e-01
7.038301229476928711e-02
7.199457883834838867e-01
6.159800887107849121e-01
9.764501452445983887e-01
9.879173636436462402e-01
9.790023565292358398e-01
1.911348104476928711e-01
9.917325973510742188e-01
9.886160492897033691e-01
9.593892693519592285e-01
8.742007017135620117e-01
8.915073275566101074e-01
5.450969934463500977e-01
2.350709140300750732e-01
9.603047966957092285e-01
9.922599196434020996e-01
4.236823022365570068e-01
9.876876473426818848e-01
9.966499209403991699e-01
4.333776533603668213e-01
9.081194400787353516e-01
9.894658327102661133e-01
9.328396320343017578e-01
8.070418834686279297e-01
5.836198329925537109e-01
9.950441122055053711e-01
9.935907125473022461e-01
9.955056905746459961e-01
9.931620359420776367e-01
8.797217607498168945e-01
9.877283573150634766e-01
9.926534891128540039e-01
6.271629333496093750e-01
9.230279326438903809e-01
9.787700176239013672e-01
9.876375198364257812e-01
9.864924550056457520e-01
9.104583263397216797e-01
3.047052957117557526e-02
5.158915519714355469e-01
9.908397793769836426e-01
9.784547686576843262e-01
9.645894169807434082e-01
9.201665520668029785e-01
5.065948143601417542e-02
8.180092573165893555e-01
9.846158623695373535e-01
9.586301445960998535e-01
3.624926507472991943e-01
3.094531595706939697e-01
9.976993203163146973e-01
6.243455410003662109e-01
8.820075541734695435e-03
9.972648620605468750e-01
9.897876977920532227e-01
9.790207147598266602e-01
9.898663163185119629e-01
4.579561352729797363e-01
7.511963248252868652e-01
7.889429330825805664e-01
9.946184754371643066e-01
4.233528301119804382e-02
4.462920427322387695e-01
5.851690769195556641e-01
9.978727102279663086e-01
9.824231863021850586e-01
9.963011741638183594e-01
9.627701044082641602e-01
8.852406740188598633e-01
9.854212403297424316e-01
9.968662858009338379e-01
8.988044261932373047e-01
8.444302678108215332e-01
9.558010697364807129e-01
9.929135441780090332e-01
8.871340155601501465e-01
9.946413040161132812e-01
5.226514935493469238e-01
9.802603125572204590e-01
2.313687652349472046e-01
9.979984164237976074e-01
9.955177903175354004e-01
9.971448779106140137e-01
9.567267894744873047e-01
7.669782638549804688e-01
9.976485371589660645e-01
8.117117285728454590e-01
3.026407361030578613e-01
9.182170629501342773e-01
