6.583001464605331421e-03
6.612776312977075577e-03
6.628793198615312576e-03
6.629797630012035370e-03
6.651665549725294113e-03
6.704135797917842865e-03
6.714696530252695084e-03
6.721419747918844223e-03
6.723193451762199402e-03
6.736599840223789215e-03
6.740457843989133835e-03
6.786735728383064270e-03
6.827946752309799194e-03
6.846597883850336075e-03
6.858589127659797668e-03
6.862314883619546890e-03
6.940054241567850113e-03
6.944955792278051376e-03
7.018388714641332626e-03
7.071753032505512238e-03
7.091064471751451492e-03
7.101651281118392944e-03
7.189267314970493317e-03
7.290564477443695068e-03
7.327695377171039581e-03
7.330297026783227921e-03
7.358928676694631577e-03
7.360716350376605988e-03
7.376913912594318390e-03
7.380658295005559921e-03
7.401314564049243927e-03
7.475152611732482910e-03
7.477452047169208527e-03
7.508398965001106262e-03
7.579783909022808075e-03
7.630015257745981216e-03
7.649395149201154709e-03
7.681142538785934448e-03
7.709803059697151184e-03
7.800646591931581497e-03
7.917292416095733643e-03
7.947278209030628204e-03
8.024248294532299042e-03
8.123532868921756744e-03
8.132916875183582306e-03
8.138973265886306763e-03
8.140524849295616150e-03
8.149385452270507812e-03
8.154817856848239899e-03
8.158273994922637939e-03
8.221139200031757355e-03
8.258348330855369568e-03
8.300213143229484558e-03
8.325410075485706329e-03
8.401302620768547058e-03
8.490472100675106049e-03
8.683330379426479340e-03
8.687447756528854370e-03
8.715745992958545685e-03
8.780706673860549927e-03
8.783724159002304077e-03
8.819821290671825409e-03
8.844457566738128662e-03
8.865608833730220795e-03
8.880822919309139252e-03
9.111281484365463257e-03
9.117130190134048462e-03
9.149991907179355621e-03
9.186651557683944702e-03
9.240347892045974731e-03
9.248746559023857117e-03
9.262949228286743164e-03
9.289373643696308136e-03
9.317611344158649445e-03
9.349073283374309540e-03
9.370508603751659393e-03
9.395665489137172699e-03
9.419684298336505890e-03
9.448800235986709595e-03
9.514843113720417023e-03
9.574236348271369934e-03
9.589867666363716125e-03
9.595684707164764404e-03
9.616543538868427277e-03
9.640952572226524353e-03
9.698569774627685547e-03
9.701615199446678162e-03
9.730896912515163422e-03
9.748524986207485199e-03
9.779460728168487549e-03
9.785372763872146606e-03
9.834201075136661530e-03
9.843686595559120178e-03
9.907689876854419708e-03
9.909406304359436035e-03
9.942865930497646332e-03
1.002654526382684708e-02
1.009031012654304504e-02
1.009902544319629669e-02
1.017094403505325317e-02
1.017508748918771744e-02
1.019218470901250839e-02
1.021442841738462448e-02
1.022746693342924118e-02
1.027401164174079895e-02
1.028565503656864166e-02
1.036046817898750305e-02
1.036291290074586868e-02
1.069445442408323288e-02
1.075878646224737167e-02
1.076060812920331955e-02
1.076156739145517349e-02
1.079829130321741104e-02
1.089644618332386017e-02
1.099076773971319199e-02
1.099940575659275055e-02
1.108325552195310593e-02
1.108463015407323837e-02
1.109947916120290756e-02
1.110345218330621719e-02
1.113806199282407761e-02
1.116915885359048843e-02
1.118216384202241898e-02
1.121584139764308929e-02
1.128154061734676361e-02
1.132610812783241272e-02
1.144940499216318130e-02
1.144989114254713058e-02
1.150074228644371033e-02
1.158947683870792389e-02
1.161617971956729889e-02
1.164839230477809906e-02
1.165617443621158600e-02
1.167980302125215530e-02
1.179095357656478882e-02
1.181281451135873795e-02
1.181821990758180618e-02
1.183062791824340820e-02
1.188017055392265320e-02
1.199238654226064682e-02
1.213998533785343170e-02
1.219412125647068024e-02
1.219423022121191025e-02
1.225825026631355286e-02
1.237957458943128586e-02
1.241893041878938675e-02
1.255485415458679199e-02
1.256388332694768906e-02
1.258045900613069534e-02
1.260889880359172821e-02
1.262804679572582245e-02
1.263275649398565292e-02
1.268535852432250977e-02
1.271117851138114929e-02
1.283326651901006699e-02
1.294521614909172058e-02
1.295453589409589767e-02
1.296752411872148514e-02
1.297982130199670792e-02
1.301368977874517441e-02
1.304213237017393112e-02
1.305697672069072723e-02
1.306380424648523331e-02
1.314066816121339798e-02
1.315172296017408371e-02
1.315811648964881897e-02
1.322427205741405487e-02
1.325407251715660095e-02
1.326568424701690674e-02
1.332953665405511856e-02
1.333860866725444794e-02
1.340931002050638199e-02
1.346020027995109558e-02
1.349800918251276016e-02
1.358427666127681732e-02
1.362132932990789413e-02
1.367683149874210358e-02
1.368897594511508942e-02
1.372437831014394760e-02
1.375515479594469070e-02
1.381287164986133575e-02
1.381761487573385239e-02
1.385374180972576141e-02
1.391438022255897522e-02
1.391641423106193542e-02
1.403735578060150146e-02
1.405473705381155014e-02
1.408266276121139526e-02
1.410879008471965790e-02
1.415810361504554749e-02
1.417877059429883957e-02
1.418179553002119064e-02
1.418245583772659302e-02
1.421201322227716446e-02
1.422584243118762970e-02
1.423122640699148178e-02
1.424410287290811539e-02
1.436151750385761261e-02
1.437825988978147507e-02
1.441087573766708374e-02
1.441751420497894287e-02
1.443674135953187943e-02
1.449172478169202805e-02
1.453476678580045700e-02
1.455652993172407150e-02
1.460815221071243286e-02
1.466010045260190964e-02
1.466815453022718430e-02
1.479572709649801254e-02
1.480833254754543304e-02
1.480988506227731705e-02
1.499455049633979797e-02
1.503226161003112793e-02
1.504841726273298264e-02
1.509192399680614471e-02
1.510915532708168030e-02
1.525188703089952469e-02
1.536783110350370407e-02
1.540400646626949310e-02
1.542386412620544434e-02
1.545537356287240982e-02
1.548866275697946548e-02
1.552354544401168823e-02
1.557731349021196365e-02
1.560254674404859543e-02
1.561771333217620850e-02
1.562126073986291885e-02
1.562915369868278503e-02
1.578906551003456116e-02
1.585911586880683899e-02
1.595857553184032440e-02
1.600433140993118286e-02
1.615777611732482910e-02
1.618903689086437225e-02
1.621134951710700989e-02
1.625399850308895111e-02
1.629400067031383514e-02
1.640272513031959534e-02
1.643337123095989227e-02
1.644601672887802124e-02
1.668303646147251129e-02
1.676857843995094299e-02
1.679727435111999512e-02
1.686291396617889404e-02
1.687331870198249817e-02
1.689171977341175079e-02
1.695721223950386047e-02
1.699465885758399963e-02
1.702886633574962616e-02
1.706853322684764862e-02
1.711822859942913055e-02
1.713391207158565521e-02
1.719765923917293549e-02
1.728832907974720001e-02
1.735146902501583099e-02
1.737192831933498383e-02
1.746590435504913330e-02
1.770321652293205261e-02
1.771852187812328339e-02
1.777022518217563629e-02
1.793241314589977264e-02
1.808986067771911621e-02
1.809129677712917328e-02
1.820804923772811890e-02
1.823744736611843109e-02
1.835004426538944244e-02
1.841324009001255035e-02
1.841837167739868164e-02
1.850457489490509033e-02
1.853595301508903503e-02
1.860115490853786469e-02
1.865487359464168549e-02
1.869205571711063385e-02
1.869819685816764832e-02
1.871593855321407318e-02
1.876990310847759247e-02
1.882188953459262848e-02
1.883267611265182495e-02
1.886117830872535706e-02
1.896239258348941803e-02
1.901635527610778809e-02
1.907775737345218658e-02
1.911840587854385376e-02
1.916806213557720184e-02
1.924553699791431427e-02
1.926767267286777496e-02
1.933971792459487915e-02
1.938121765851974487e-02
1.944396272301673889e-02
1.948030479252338409e-02
1.960857585072517395e-02
1.973192580044269562e-02
1.977517455816268921e-02
1.989242807030677795e-02
2.006047964096069336e-02
2.007098682224750519e-02
2.026263065636157990e-02
2.029158920049667358e-02
2.030343748629093170e-02
2.033070102334022522e-02
2.042700350284576416e-02
2.043069712817668915e-02
2.049961499869823456e-02
2.063217759132385254e-02
2.072144672274589539e-02
2.075449749827384949e-02
2.080150321125984192e-02
2.081070281565189362e-02
2.089916914701461792e-02
2.094268612563610077e-02
2.102681249380111694e-02
2.106736227869987488e-02
2.108954638242721558e-02
2.114727161824703217e-02
2.120538800954818726e-02
2.136298082768917084e-02
2.168795280158519745e-02
2.179410308599472046e-02
2.181322872638702393e-02
2.182358317077159882e-02
2.194344811141490936e-02
2.199430018663406372e-02
2.202812768518924713e-02
2.205507457256317139e-02
2.209839783608913422e-02
2.219316735863685608e-02
2.224432118237018585e-02
2.226090058684349060e-02
2.232972532510757446e-02
2.239219099283218384e-02
2.241777814924716949e-02
2.242387272417545319e-02
2.255266532301902771e-02
2.256293781101703644e-02
2.262599952518939972e-02
2.269692160189151764e-02
2.279026433825492859e-02
2.286884561181068420e-02
2.301496826112270355e-02
2.307914383709430695e-02
2.311495132744312286e-02
2.320052310824394226e-02
2.322347462177276611e-02
2.323956973850727081e-02
2.325432933866977692e-02
2.355515956878662109e-02
2.359628304839134216e-02
2.364638820290565491e-02
2.365900762379169464e-02
2.379959635436534882e-02
2.380849793553352356e-02
2.382575534284114838e-02
2.392068319022655487e-02
2.401519380509853363e-02
2.425498887896537781e-02
2.429308369755744934e-02
2.441293932497501373e-02
2.453915402293205261e-02
2.477090805768966675e-02
2.479188144207000732e-02
2.484558708965778351e-02
2.488520927727222443e-02
2.495112642645835876e-02
2.504086494445800781e-02
2.513778954744338989e-02
2.515382505953311920e-02
2.529451623558998108e-02
2.532966993749141693e-02
2.540415152907371521e-02
2.541939355432987213e-02
2.542845904827117920e-02
2.544001303613185883e-02
2.550495229661464691e-02
2.550738677382469177e-02
2.581583894789218903e-02
2.583845332264900208e-02
2.584435231983661652e-02
2.596515230834484100e-02
2.630349248647689819e-02
2.631841227412223816e-02
2.633705362677574158e-02
2.639047428965568542e-02
2.664280310273170471e-02
2.664753422141075134e-02
2.696057222783565521e-02
2.707951515913009644e-02
2.712471410632133484e-02
2.712940797209739685e-02
2.728067524731159210e-02
2.736866846680641174e-02
2.752933837473392487e-02
2.757051400840282440e-02
2.764590457081794739e-02
2.766401134431362152e-02
2.773060463368892670e-02
2.780865877866744995e-02
2.792867831885814667e-02
2.800195291638374329e-02
2.807711064815521240e-02
2.808110043406486511e-02
2.827553637325763702e-02
2.843885309994220734e-02
2.864630520343780518e-02
2.874069474637508392e-02
2.877273038029670715e-02
2.881344780325889587e-02
2.891053259372711182e-02
2.896639518439769745e-02
2.913670428097248077e-02
2.927998453378677368e-02
2.931344322860240936e-02
2.933300286531448364e-02
2.943425811827182770e-02
2.975544705986976624e-02
2.976891957223415375e-02
2.981272153556346893e-02
2.990702353417873383e-02
2.999321930110454559e-02
3.009936399757862091e-02
3.026496246457099915e-02
3.030331060290336609e-02
3.051140345633029938e-02
3.053403832018375397e-02
3.072891756892204285e-02
3.108562715351581573e-02
3.131170198321342468e-02
3.131744265556335449e-02
3.168738260865211487e-02
3.170573338866233826e-02
3.181424736976623535e-02
3.182398155331611633e-02
3.209542483091354370e-02
3.234639763832092285e-02
3.251744434237480164e-02
3.266981989145278931e-02
3.284860402345657349e-02
3.296959400177001953e-02
3.364296257495880127e-02
3.365911170840263367e-02
3.400033339858055115e-02
3.406194224953651428e-02
3.416639566421508789e-02
3.438104316592216492e-02
3.452524170279502869e-02
3.521034494042396545e-02
3.569378703832626343e-02
3.583713248372077942e-02
3.586845844984054565e-02
3.602414950728416443e-02
3.623990342020988464e-02
3.638425469398498535e-02
3.651681914925575256e-02
3.653544560074806213e-02
3.656116873025894165e-02
3.668253123760223389e-02
3.674700111150741577e-02
3.682221099734306335e-02
3.687157481908798218e-02
3.687629103660583496e-02
3.711436688899993896e-02
3.717225790023803711e-02
3.736636787652969360e-02
3.743573278188705444e-02
3.745005652308464050e-02
3.750664740800857544e-02
3.763885051012039185e-02
3.770193457603454590e-02
3.773391619324684143e-02
3.789221867918968201e-02
3.840894997119903564e-02
3.851483762264251709e-02
3.853785991668701172e-02
3.885409608483314514e-02
3.889084979891777039e-02
3.895184025168418884e-02
3.903628885746002197e-02
3.910134360194206238e-02
3.929841890931129456e-02
3.944551199674606323e-02
3.947389498353004456e-02
3.953291103243827820e-02
3.963919356465339661e-02
3.993372246623039246e-02
3.994215652346611023e-02
4.013117030262947083e-02
4.017845913767814636e-02
4.037431254982948303e-02
4.048890247941017151e-02
4.058147966861724854e-02
4.091813787817955017e-02
4.112559556961059570e-02
4.125623404979705811e-02
4.128937795758247375e-02
4.164341464638710022e-02
4.165002703666687012e-02
4.178332909941673279e-02
4.183848202228546143e-02
4.214385896921157837e-02
4.227751493453979492e-02
4.257063567638397217e-02
4.260440170764923096e-02
4.269670695066452026e-02
4.272283241152763367e-02
4.282325133681297302e-02
4.346526041626930237e-02
4.437889531254768372e-02
4.470691084861755371e-02
4.513258114457130432e-02
4.550227522850036621e-02
4.572155699133872986e-02
4.610683023929595947e-02
4.619992896914482117e-02
4.632432013750076294e-02
4.632887989282608032e-02
4.650638252496719360e-02
4.689952358603477478e-02
4.704320058226585388e-02
4.728233069181442261e-02
4.745465144515037537e-02
4.776104167103767395e-02
4.813694208860397339e-02
4.827046394348144531e-02
4.841341450810432434e-02
4.862355068325996399e-02
4.866151139140129089e-02
4.881142079830169678e-02
4.959079623222351074e-02
4.970506578683853149e-02
4.970970749855041504e-02
5.001986771821975708e-02
5.003899708390235901e-02
5.009254813194274902e-02
5.073021724820137024e-02
5.073178932070732117e-02
5.077698826789855957e-02
5.078415200114250183e-02
5.089500918984413147e-02
5.125419050455093384e-02
5.128089711070060730e-02
5.225761979818344116e-02
5.275356024503707886e-02
5.296377092599868774e-02
5.358956754207611084e-02
5.363823473453521729e-02
5.368609726428985596e-02
5.368694290518760681e-02
5.394991114735603333e-02
5.401404201984405518e-02
5.433474853634834290e-02
5.436530709266662598e-02
5.475422739982604980e-02
5.480233952403068542e-02
5.541016161441802979e-02
5.576742440462112427e-02
5.577087402343750000e-02
5.580667033791542053e-02
5.593242868781089783e-02
5.671388655900955200e-02
5.701391771435737610e-02
5.714151635766029358e-02
5.721149966120719910e-02
5.761091783642768860e-02
5.765796080231666565e-02
5.798077210783958435e-02
5.828019604086875916e-02
5.875888094305992126e-02
5.880604684352874756e-02
5.886677652597427368e-02
5.904057621955871582e-02
5.985196307301521301e-02
6.079349294304847717e-02
6.120733916759490967e-02
6.138944998383522034e-02
6.148305907845497131e-02
6.158386915922164917e-02
6.166383624076843262e-02
6.186233460903167725e-02
6.358287483453750610e-02
6.385560333728790283e-02
6.435982137918472290e-02
6.436045467853546143e-02
6.444734334945678711e-02
6.449145078659057617e-02
6.455186009407043457e-02
6.465259194374084473e-02
6.498031318187713623e-02
6.518094241619110107e-02
6.524476408958435059e-02
6.546693295240402222e-02
6.601967662572860718e-02
6.678209453821182251e-02
6.686986237764358521e-02
6.698171794414520264e-02
6.755764037370681763e-02
6.783187389373779297e-02
6.883709132671356201e-02
6.897916644811630249e-02
6.903573870658874512e-02
6.903904676437377930e-02
6.910366564989089966e-02
6.932501494884490967e-02
6.968331336975097656e-02
6.977670639753341675e-02
6.988863646984100342e-02
6.997045874595642090e-02
7.008428871631622314e-02
7.022044807672500610e-02
7.062161713838577271e-02
7.083612680435180664e-02
7.098288089036941528e-02
7.118277996778488159e-02
7.143545895814895630e-02
7.190752029418945312e-02
7.199867069721221924e-02
7.299105823040008545e-02
7.309306412935256958e-02
7.329162210226058960e-02
7.363425195217132568e-02
7.401087135076522827e-02
7.457765191793441772e-02
7.542546838521957397e-02
7.564933598041534424e-02
7.616924494504928589e-02
7.625090330839157104e-02
7.644374668598175049e-02
7.648120820522308350e-02
7.663415372371673584e-02
7.682102173566818237e-02
7.734406739473342896e-02
7.740541547536849976e-02
7.786300033330917358e-02
7.830379903316497803e-02
7.911433279514312744e-02
7.949444651603698730e-02
8.108722418546676636e-02
8.180873095989227295e-02
8.205161243677139282e-02
8.280896395444869995e-02
8.297317475080490112e-02
8.308751881122589111e-02
8.313471823930740356e-02
8.336455374956130981e-02
8.455485850572586060e-02
8.511241525411605835e-02
8.633618801832199097e-02
8.634418249130249023e-02
8.690951019525527954e-02
8.696563541889190674e-02
8.710999786853790283e-02
8.794562518596649170e-02
8.805109560489654541e-02
8.852837979793548584e-02
9.117105603218078613e-02
9.197050333023071289e-02
9.206731617450714111e-02
9.222342073917388916e-02
9.385659545660018921e-02
9.537665545940399170e-02
9.554485231637954712e-02
9.640941768884658813e-02
9.672489017248153687e-02
9.682348370552062988e-02
9.693633764982223511e-02
9.760051965713500977e-02
9.762343019247055054e-02
9.786637127399444580e-02
9.800858050584793091e-02
9.892643243074417114e-02
9.968414902687072754e-02
9.972130507230758667e-02
9.975061565637588501e-02
1.003013253211975098e-01
1.012186855077743530e-01
1.014364063739776611e-01
1.017307788133621216e-01
1.019102409482002258e-01
1.024249345064163208e-01
1.026910543441772461e-01
1.031564995646476746e-01
1.031734198331832886e-01
1.033506542444229126e-01
1.039862781763076782e-01
1.040453612804412842e-01
1.048359647393226624e-01
1.052923277020454407e-01
1.060899943113327026e-01
1.066016480326652527e-01
1.073070243000984192e-01
1.077065020799636841e-01
1.077978312969207764e-01
1.103107929229736328e-01
1.108502149581909180e-01
1.110277771949768066e-01
1.120767071843147278e-01
1.122498586773872375e-01
1.123184934258460999e-01
1.123563796281814575e-01
1.133145987987518311e-01
1.145130395889282227e-01
1.152038499712944031e-01
1.155513972043991089e-01
1.155788078904151917e-01
1.157711148262023926e-01
1.161429584026336670e-01
1.161437556147575378e-01
1.168387308716773987e-01
1.168793439865112305e-01
1.191758140921592712e-01
1.192549094557762146e-01
1.192705780267715454e-01
1.194615587592124939e-01
1.201193258166313171e-01
1.210876852273941040e-01
1.211525425314903259e-01
1.213249638676643372e-01
1.216544285416603088e-01
1.219601705670356750e-01
1.221141368150711060e-01
1.224659234285354614e-01
1.227559596300125122e-01
1.231058835983276367e-01
1.239339932799339294e-01
1.239380463957786560e-01
1.254777163267135620e-01
1.259238421916961670e-01
1.263335049152374268e-01
1.271885484457015991e-01
1.273124665021896362e-01
1.276030093431472778e-01
1.281572878360748291e-01
1.293201595544815063e-01
1.304364800453186035e-01
1.311546713113784790e-01
1.312419623136520386e-01
1.313560754060745239e-01
1.320955455303192139e-01
1.336029022932052612e-01
1.342400610446929932e-01
1.354329884052276611e-01
1.364764124155044556e-01
1.378436386585235596e-01
1.382584720849990845e-01
1.386218965053558350e-01
1.390748620033264160e-01
1.401684284210205078e-01
1.406939476728439331e-01
1.416897475719451904e-01
1.417042464017868042e-01
1.423785984516143799e-01
1.427338272333145142e-01
1.447577774524688721e-01
1.461474299430847168e-01
1.474931240081787109e-01
1.475429534912109375e-01
1.475646793842315674e-01
1.476470679044723511e-01
1.477158516645431519e-01
1.492276638746261597e-01
1.502299606800079346e-01
1.506898999214172363e-01
1.509709358215332031e-01
1.516808271408081055e-01
1.520479917526245117e-01
1.521314531564712524e-01
1.530386805534362793e-01
1.540129333734512329e-01
1.570583581924438477e-01
1.572572141885757446e-01
1.576950848102569580e-01
1.581474393606185913e-01
1.586332023143768311e-01
1.592424958944320679e-01
1.600443124771118164e-01
1.605251729488372803e-01
1.611852347850799561e-01
1.613010019063949585e-01
1.615276485681533813e-01
1.618954390287399292e-01
1.628949046134948730e-01
1.629047244787216187e-01
1.646565347909927368e-01
1.659027487039566040e-01
1.692666560411453247e-01
1.697232127189636230e-01
1.735931485891342163e-01
1.740182936191558838e-01
1.748440414667129517e-01
1.752367764711380005e-01
1.759320050477981567e-01
1.780778318643569946e-01
1.784428656101226807e-01
1.785571128129959106e-01
1.798430234193801880e-01
1.810641586780548096e-01
1.827433854341506958e-01
1.829558908939361572e-01
1.833856552839279175e-01
1.841985136270523071e-01
1.850892156362533569e-01
1.855333894491195679e-01
1.855604797601699829e-01
1.857349574565887451e-01
1.861969232559204102e-01
1.872098743915557861e-01
1.877184659242630005e-01
1.880116909742355347e-01
1.900063902139663696e-01
1.903591156005859375e-01
1.905604600906372070e-01
1.916826963424682617e-01
1.921101212501525879e-01
1.926138401031494141e-01
1.927229911088943481e-01
1.931103616952896118e-01
1.941714137792587280e-01
1.942433267831802368e-01
1.946082115173339844e-01
1.954421550035476685e-01
1.957409083843231201e-01
1.972039490938186646e-01
1.977756619453430176e-01
1.979110091924667358e-01
1.985678225755691528e-01
2.089670151472091675e-01
2.102914452552795410e-01
2.123178392648696899e-01
2.147008478641510010e-01
2.168028354644775391e-01
2.203252017498016357e-01
2.216421663761138916e-01
2.227171063423156738e-01
2.236556112766265869e-01
2.236811369657516479e-01
2.241525053977966309e-01
2.252029925584793091e-01
2.275805026292800903e-01
2.283673286437988281e-01
2.303992956876754761e-01
2.316320389509201050e-01
2.316866517066955566e-01
2.326013147830963135e-01
2.335862666368484497e-01
2.354783117771148682e-01
2.359772473573684692e-01
2.361711114645004272e-01
2.364246100187301636e-01
2.371259629726409912e-01
2.384195625782012939e-01
2.396727055311203003e-01
2.398951053619384766e-01
2.407316416501998901e-01
2.415585368871688843e-01
2.425918281078338623e-01
2.426801472902297974e-01
2.443704158067703247e-01
2.471858859062194824e-01
2.477553039789199829e-01
2.501056492328643799e-01
2.527113854885101318e-01
2.538594901561737061e-01
2.541994750499725342e-01
2.553053200244903564e-01
2.557521462440490723e-01
2.570906877517700195e-01
2.570951581001281738e-01
2.579692006111145020e-01
2.617284953594207764e-01
2.623647451400756836e-01
2.624613344669342041e-01
2.648502588272094727e-01
2.652866244316101074e-01
2.678041458129882812e-01
2.683770656585693359e-01
2.697943150997161865e-01
2.707223594188690186e-01
2.723846137523651123e-01
2.734360396862030029e-01
2.740918397903442383e-01
2.748594284057617188e-01
2.794201076030731201e-01
2.805414199829101562e-01
2.808722853660583496e-01
2.821485102176666260e-01
2.853553295135498047e-01
2.860133051872253418e-01
2.887925803661346436e-01
2.888651192188262939e-01
2.889474034309387207e-01
2.973943948745727539e-01
2.999057173728942871e-01
3.057085871696472168e-01
3.094860911369323730e-01
3.095995485782623291e-01
3.110071420669555664e-01
3.118019402027130127e-01
3.120343685150146484e-01
3.136502206325531006e-01
3.169072568416595459e-01
3.170906007289886475e-01
3.190858662128448486e-01
3.192100226879119873e-01
3.203084766864776611e-01
3.210938274860382080e-01
3.215892612934112549e-01
3.260411918163299561e-01
3.264840841293334961e-01
3.276969194412231445e-01
3.298399448394775391e-01
3.303591609001159668e-01
3.307186067104339600e-01
3.316388130187988281e-01
3.320591151714324951e-01
3.346994221210479736e-01
3.383279442787170410e-01
3.400575220584869385e-01
3.459172546863555908e-01
3.464288711547851562e-01
3.497806489467620850e-01
3.504212498664855957e-01
3.514393270015716553e-01
3.521943092346191406e-01
3.538411259651184082e-01
3.549976348876953125e-01
3.576435446739196777e-01
3.609503805637359619e-01
3.622616231441497803e-01
3.661005496978759766e-01
3.683440387248992920e-01
3.686519265174865723e-01
3.696750998497009277e-01
3.729878067970275879e-01
3.780210614204406738e-01
3.786844015121459961e-01
3.793083131313323975e-01
3.827863633632659912e-01
3.867724835872650146e-01
3.887298107147216797e-01
3.889310359954833984e-01
3.917962908744812012e-01
3.920312523841857910e-01
3.929688632488250732e-01
3.934454619884490967e-01
3.936796486377716064e-01
3.945753872394561768e-01
3.951115906238555908e-01
3.955206871032714844e-01
3.964741826057434082e-01
4.003440737724304199e-01
4.012634456157684326e-01
4.016320109367370605e-01
4.036771357059478760e-01
4.038801193237304688e-01
4.059757292270660400e-01
4.076917171478271484e-01
4.118233919143676758e-01
4.125298559665679932e-01
4.137257933616638184e-01
4.177628159523010254e-01
4.183352887630462646e-01
4.191383123397827148e-01
4.278691709041595459e-01
4.320480227470397949e-01
4.352207183837890625e-01
4.354183375835418701e-01
4.357848763465881348e-01
4.372483491897583008e-01
4.374566674232482910e-01
4.404118061065673828e-01
4.414748847484588623e-01
4.440061748027801514e-01
4.486518502235412598e-01
4.508646428585052490e-01
4.524394869804382324e-01
4.555533528327941895e-01
4.560440778732299805e-01
4.570610523223876953e-01
4.604784548282623291e-01
4.623908698558807373e-01
4.626892507076263428e-01
4.632948935031890869e-01
4.637092947959899902e-01
4.643688499927520752e-01
4.652446210384368896e-01
4.659687876701354980e-01
4.660252928733825684e-01
4.681483507156372070e-01
4.699366390705108643e-01
4.822777509689331055e-01
4.824397861957550049e-01
4.852666854858398438e-01
4.853121638298034668e-01
4.894728362560272217e-01
4.899699985980987549e-01
4.907916486263275146e-01
4.931526780128479004e-01
4.934378862380981445e-01
4.940413236618041992e-01
4.953242838382720947e-01
4.967231452465057373e-01
4.999861121177673340e-01
5.041162967681884766e-01
5.057039260864257812e-01
5.077114105224609375e-01
5.077891349792480469e-01
5.155411958694458008e-01
5.175306797027587891e-01
5.212054252624511719e-01
5.218601822853088379e-01
5.237399339675903320e-01
5.240083932876586914e-01
5.266098380088806152e-01
5.303319096565246582e-01
5.309699177742004395e-01
5.337668061256408691e-01
5.338993668556213379e-01
5.345003008842468262e-01
5.368999838829040527e-01
5.377997159957885742e-01
5.388877391815185547e-01
5.414960384368896484e-01
5.429093241691589355e-01
5.456961989402770996e-01
5.521265864372253418e-01
5.532427430152893066e-01
5.573693513870239258e-01
5.578011274337768555e-01
5.579766035079956055e-01
5.584347248077392578e-01
5.586119294166564941e-01
5.604909658432006836e-01
5.608263611793518066e-01
5.617669820785522461e-01
5.623207688331604004e-01
5.624441504478454590e-01
5.638179779052734375e-01
5.675005316734313965e-01
5.680438280105590820e-01
5.699572563171386719e-01
5.713177323341369629e-01
5.713822245597839355e-01
5.714694261550903320e-01
5.729932785034179688e-01
5.736995339393615723e-01
5.741088390350341797e-01
5.791554450988769531e-01
5.854910612106323242e-01
5.876455307006835938e-01
5.881461501121520996e-01
5.942790508270263672e-01
5.974779129028320312e-01
5.977965593338012695e-01
5.980237722396850586e-01
6.036483645439147949e-01
6.046271920204162598e-01
6.047548651695251465e-01
6.163147091865539551e-01
6.173664927482604980e-01
6.176496744155883789e-01
6.187413334846496582e-01
6.192445755004882812e-01
6.205049753189086914e-01
6.212453842163085938e-01
6.214088201522827148e-01
6.214329004287719727e-01
6.222947239875793457e-01
6.224284768104553223e-01
6.236099004745483398e-01
6.240862607955932617e-01
6.245497465133666992e-01
6.276515722274780273e-01
6.286648511886596680e-01
6.287627220153808594e-01
6.292309165000915527e-01
6.297354698181152344e-01
6.321526765823364258e-01
6.332834362983703613e-01
6.338422298431396484e-01
6.348147392272949219e-01
6.364468932151794434e-01
6.374407410621643066e-01
6.379740238189697266e-01
6.380742788314819336e-01
6.388260126113891602e-01
6.389679312705993652e-01
6.403045654296875000e-01
6.417134404182434082e-01
6.507690548896789551e-01
6.533153057098388672e-01
6.546676158905029297e-01
6.569618582725524902e-01
6.573210954666137695e-01
6.618880033493041992e-01
6.631068587303161621e-01
6.633837223052978516e-01
6.635656356811523438e-01
6.647668480873107910e-01
6.656965017318725586e-01
6.704878211021423340e-01
6.721982359886169434e-01
6.730456948280334473e-01
6.748635768890380859e-01
6.791814565658569336e-01
6.792092323303222656e-01
6.835435628890991211e-01
6.868147850036621094e-01
6.874155998229980469e-01
6.889175176620483398e-01
6.907627582550048828e-01
6.910337209701538086e-01
6.948285698890686035e-01
6.962216496467590332e-01
6.972217559814453125e-01
7.000179886817932129e-01
7.031398415565490723e-01
7.033501267433166504e-01
7.036544680595397949e-01
7.057771682739257812e-01
7.094168066978454590e-01
7.123335003852844238e-01
7.130284309387207031e-01
7.143982052803039551e-01
7.168927192687988281e-01
7.169275283813476562e-01
7.180984616279602051e-01
7.181823849678039551e-01
7.189653515815734863e-01
7.194424271583557129e-01
7.198355793952941895e-01
7.264506220817565918e-01
7.284024357795715332e-01
7.291755676269531250e-01
7.304441332817077637e-01
7.328116893768310547e-01
7.363982200622558594e-01
7.375006079673767090e-01
7.382612824440002441e-01
7.407613396644592285e-01
7.455887198448181152e-01
7.457020282745361328e-01
7.463735938072204590e-01
7.484885454177856445e-01
7.500737309455871582e-01
7.528325915336608887e-01
7.537513971328735352e-01
7.558490037918090820e-01
7.559941411018371582e-01
7.564518451690673828e-01
7.614615559577941895e-01
7.616376280784606934e-01
7.623087763786315918e-01
7.633467316627502441e-01
7.658181786537170410e-01
7.661141753196716309e-01
7.663593292236328125e-01
7.671331167221069336e-01
7.673071026802062988e-01
7.717849612236022949e-01
7.770736813545227051e-01
7.799961566925048828e-01
7.818565964698791504e-01
7.830671072006225586e-01
7.866206169128417969e-01
7.870457172393798828e-01
7.871164679527282715e-01
7.873927354812622070e-01
7.875235080718994141e-01
7.896559238433837891e-01
7.898373603820800781e-01
7.906422019004821777e-01
7.906836271286010742e-01
7.914162874221801758e-01
7.914903163909912109e-01
7.938290238380432129e-01
7.953647375106811523e-01
7.956196665763854980e-01
8.004491925239562988e-01
8.021708130836486816e-01
8.030976057052612305e-01
8.038065433502197266e-01
8.038778305053710938e-01
8.039847612380981445e-01
8.042781352996826172e-01
8.047674894332885742e-01
8.050078153610229492e-01
8.057180047035217285e-01
8.079806566238403320e-01
8.105541467666625977e-01
8.112016916275024414e-01
8.114073276519775391e-01
8.182367086410522461e-01
8.182978034019470215e-01
8.197956085205078125e-01
8.199890255928039551e-01
8.229709863662719727e-01
8.236934542655944824e-01
8.245188593864440918e-01
8.248711228370666504e-01
8.252564668655395508e-01
8.269068598747253418e-01
8.274423480033874512e-01
8.284037113189697266e-01
8.284103870391845703e-01
8.289393186569213867e-01
8.295819163322448730e-01
8.302253484725952148e-01
8.318399190902709961e-01
8.319829702377319336e-01
8.348907232284545898e-01
8.356509804725646973e-01
8.367586731910705566e-01
8.373119235038757324e-01
8.374489545822143555e-01
8.375012874603271484e-01
8.398338556289672852e-01
8.409382700920104980e-01
8.413754105567932129e-01
8.440641760826110840e-01
8.445689082145690918e-01
8.463317751884460449e-01
8.468477725982666016e-01
8.470477461814880371e-01
8.486225008964538574e-01
8.486628532409667969e-01
8.500374555587768555e-01
8.503990173339843750e-01
8.509600758552551270e-01
8.516473770141601562e-01
8.516526222229003906e-01
8.516898751258850098e-01
8.517684340476989746e-01
8.517859578132629395e-01
8.519323468208312988e-01
8.541410565376281738e-01
8.541924357414245605e-01
8.561459779739379883e-01
8.568552732467651367e-01
8.583807945251464844e-01
8.602724671363830566e-01
8.608421683311462402e-01
8.635101914405822754e-01
8.635204434394836426e-01
8.636994361877441406e-01
8.647457361221313477e-01
8.651183247566223145e-01
8.657012581825256348e-01
8.671827912330627441e-01
8.681765198707580566e-01
8.700424432754516602e-01
8.704996109008789062e-01
8.715310096740722656e-01
8.716173171997070312e-01
8.732233643531799316e-01
8.758336901664733887e-01
8.759150505065917969e-01
8.792711496353149414e-01
8.800116181373596191e-01
8.813979625701904297e-01
8.821167349815368652e-01
8.828655481338500977e-01
8.831517696380615234e-01
8.833051919937133789e-01
8.836940526962280273e-01
8.850477933883666992e-01
8.853293657302856445e-01
8.867034316062927246e-01
8.906327486038208008e-01
8.939201235771179199e-01
8.947353959083557129e-01
8.948541283607482910e-01
8.954189419746398926e-01
8.964914679527282715e-01
8.986089229583740234e-01
8.988586068153381348e-01
8.996670246124267578e-01
8.998062014579772949e-01
9.014613628387451172e-01
9.015410542488098145e-01
9.043150544166564941e-01
9.092331528663635254e-01
9.096686840057373047e-01
9.125782251358032227e-01
9.128921627998352051e-01
9.133809804916381836e-01
9.141244292259216309e-01
9.148430228233337402e-01
9.156671166419982910e-01
9.179027676582336426e-01
9.180639982223510742e-01
9.192323088645935059e-01
9.192810654640197754e-01
9.194015860557556152e-01
9.198610782623291016e-01
9.203205108642578125e-01
9.203380346298217773e-01
9.203429222106933594e-01
9.204132556915283203e-01
9.220086336135864258e-01
9.230558872222900391e-01
9.232941269874572754e-01
9.239924550056457520e-01
9.248975515365600586e-01
9.250978827476501465e-01
9.255848526954650879e-01
9.269974231719970703e-01
9.279646277427673340e-01
9.285216331481933594e-01
9.288687109947204590e-01
9.306785464286804199e-01
9.315276741981506348e-01
9.325553774833679199e-01
9.330221414566040039e-01
9.331543445587158203e-01
9.345337748527526855e-01
9.346078038215637207e-01
9.353713989257812500e-01
9.359892606735229492e-01
9.368318915367126465e-01
9.370093345642089844e-01
9.372189044952392578e-01
9.377353191375732422e-01
9.383190274238586426e-01
9.385142922401428223e-01
9.415455460548400879e-01
9.417883753776550293e-01
9.448081851005554199e-01
9.455098509788513184e-01
9.456838369369506836e-01
9.457014203071594238e-01
9.459561109542846680e-01
9.461159110069274902e-01
9.469152688980102539e-01
9.471794962882995605e-01
9.480928778648376465e-01
9.495513439178466797e-01
9.499539136886596680e-01
9.501033425331115723e-01
9.511339664459228516e-01
9.512023925781250000e-01
9.512976408004760742e-01
9.517942070960998535e-01
9.525110721588134766e-01
9.527243375778198242e-01
9.527989625930786133e-01
9.529423117637634277e-01
9.531881809234619141e-01
9.538148641586303711e-01
9.539781808853149414e-01
9.545425772666931152e-01
9.561872482299804688e-01
9.578369855880737305e-01
9.598172307014465332e-01
9.598445892333984375e-01
9.600190520286560059e-01
9.606459140777587891e-01
9.619200825691223145e-01
9.628416895866394043e-01
9.629133939743041992e-01
9.629293084144592285e-01
9.630499482154846191e-01
9.631956815719604492e-01
9.638687968254089355e-01
9.643765091896057129e-01
9.644452929496765137e-01
9.650020003318786621e-01
9.651964306831359863e-01
9.655142426490783691e-01
9.655729532241821289e-01
9.658435583114624023e-01
9.661980867385864258e-01
9.664399623870849609e-01
9.666057825088500977e-01
9.666891098022460938e-01
9.667271971702575684e-01
9.668387174606323242e-01
9.671562910079956055e-01
9.673824906349182129e-01
9.680925607681274414e-01
9.681783318519592285e-01
9.714028835296630859e-01
9.718152284622192383e-01
9.719332456588745117e-01
9.719781875610351562e-01
9.720619916915893555e-01
9.723374247550964355e-01
9.729131460189819336e-01
9.730624556541442871e-01
9.737682342529296875e-01
9.743646383285522461e-01
9.748415350914001465e-01
9.750502705574035645e-01
9.750858545303344727e-01
9.754468798637390137e-01
9.755295515060424805e-01
9.762815237045288086e-01
9.780660867691040039e-01
9.781178832054138184e-01
9.797866344451904297e-01
9.798073768615722656e-01
9.798787832260131836e-01
9.798886179924011230e-01
9.802618026733398438e-01
9.807875156402587891e-01
9.822325706481933594e-01
9.834067225456237793e-01
9.849771261215209961e-01
9.852817654609680176e-01
9.857215881347656250e-01
9.862356781959533691e-01
9.867876768112182617e-01
9.868159890174865723e-01
9.873147010803222656e-01
9.884120821952819824e-01
9.885011911392211914e-01
9.891464710235595703e-01
9.897798299789428711e-01
9.901483654975891113e-01
9.917061328887939453e-01
