1.000000000000000000e+01
1.004020100502512491e+01
1.008040201005025160e+01
1.012060301507537652e+01
1.016080402010050321e+01
1.020100502512562812e+01
1.024120603015075304e+01
1.028140703517587973e+01
1.032160804020100464e+01
1.036180904522613133e+01
1.040201005025125625e+01
1.044221105527638116e+01
1.048241206030150785e+01
1.052261306532663276e+01
1.056281407035175945e+01
1.060301507537688437e+01
1.064321608040200928e+01
1.068341708542713597e+01
1.072361809045226089e+01
1.076381909547738758e+01
1.080402010050251249e+01
1.084422110552763741e+01
1.088442211055276410e+01
1.092462311557788901e+01
1.096482412060301570e+01
1.100502512562814061e+01
1.104522613065326553e+01
1.108542713567839222e+01
1.112562814070351713e+01
1.116582914572864382e+01
1.120603015075376874e+01
1.124623115577889365e+01
1.128643216080402034e+01
1.132663316582914526e+01
1.136683417085427195e+01
1.140703517587939686e+01
1.144723618090452177e+01
1.148743718592964846e+01
1.152763819095477338e+01
1.156783919597990007e+01
1.160804020100502498e+01
1.164824120603014990e+01
1.168844221105527659e+01
1.172864321608040150e+01
1.176884422110552819e+01
1.180904522613065311e+01
1.184924623115577802e+01
1.188944723618090471e+01
1.192964824120602962e+01
1.196984924623115631e+01
1.201005025125628123e+01
1.205025125628140614e+01
1.209045226130653283e+01
1.213065326633165775e+01
1.217085427135678444e+01
1.221105527638190935e+01
1.225125628140703427e+01
1.229145728643216096e+01
1.233165829145728587e+01
1.237185929648241256e+01
1.241206030150753747e+01
1.245226130653266239e+01
1.249246231155778908e+01
1.253266331658291399e+01
1.257286432160804068e+01
1.261306532663316560e+01
1.265326633165829051e+01
1.269346733668341720e+01
1.273366834170854212e+01
1.277386934673366881e+01
1.281407035175879372e+01
1.285427135678391863e+01
1.289447236180904532e+01
1.293467336683417024e+01
1.297487437185929693e+01
1.301507537688442184e+01
1.305527638190954676e+01
1.309547738693467345e+01
1.313567839195980014e+01
1.317587939698492505e+01
1.321608040201004997e+01
1.325628140703517488e+01
1.329648241206030157e+01
1.333668341708542826e+01
1.337688442211055317e+01
1.341708542713567809e+01
1.345728643216080300e+01
1.349748743718592969e+01
1.353768844221105638e+01
1.357788944723618130e+01
1.361809045226130621e+01
1.365829145728643113e+01
1.369849246231155782e+01
1.373869346733668451e+01
1.377889447236180942e+01
1.381909547738693433e+01
1.385929648241205925e+01
1.389949748743718594e+01
1.393969849246231263e+01
1.397989949748743754e+01
1.402010050251256246e+01
1.406030150753768737e+01
1.410050251256281406e+01
1.414070351758794075e+01
1.418090452261306567e+01
1.422110552763819058e+01
1.426130653266331549e+01
1.430150753768844218e+01
1.434170854271356887e+01
1.438190954773869379e+01
1.442211055276381870e+01
1.446231155778894362e+01
1.450251256281407031e+01
1.454271356783919700e+01
1.458291457286432191e+01
1.462311557788944683e+01
1.466331658291457174e+01
1.470351758793969843e+01
1.474371859296482512e+01
1.478391959798995003e+01
1.482412060301507495e+01
1.486432160804019986e+01
1.490452261306532655e+01
1.494472361809045324e+01
1.498492462311557816e+01
1.502512562814070307e+01
1.506532663316582799e+01
1.510552763819095468e+01
1.514572864321608137e+01
1.518592964824120628e+01
1.522613065326633119e+01
1.526633165829145611e+01
1.530653266331658280e+01
1.534673366834170949e+01
1.538693467336683440e+01
1.542713567839195932e+01
1.546733668341708423e+01
1.550753768844221092e+01
1.554773869346733761e+01
1.558793969849246253e+01
1.562814070351758744e+01
1.566834170854271235e+01
1.570854271356783904e+01
1.574874371859296573e+01
1.578894472361809065e+01
1.582914572864321556e+01
1.586934673366834048e+01
1.590954773869346717e+01
1.594974874371859386e+01
1.598994974874371877e+01
1.603015075376884369e+01
1.607035175879396860e+01
1.611055276381909351e+01
1.615075376884422198e+01
1.619095477386934689e+01
1.623115577889447181e+01
1.627135678391960028e+01
1.631155778894472519e+01
1.635175879396985010e+01
1.639195979899497502e+01
1.643216080402009993e+01
1.647236180904522485e+01
1.651256281407034976e+01
1.655276381909547823e+01
1.659296482412060314e+01
1.663316582914572805e+01
1.667336683417085652e+01
1.671356783919598143e+01
1.675376884422110635e+01
1.679396984924623126e+01
1.683417085427135618e+01
1.687437185929648109e+01
1.691457286432160600e+01
1.695477386934673447e+01
1.699497487437185939e+01
1.703517587939698430e+01
1.707537688442211277e+01
1.711557788944723768e+01
1.715577889447236259e+01
1.719597989949748751e+01
1.723618090452261242e+01
1.727638190954773734e+01
1.731658291457286225e+01
1.735678391959799072e+01
1.739698492462311563e+01
1.743718592964824055e+01
1.747738693467336901e+01
1.751758793969849393e+01
1.755778894472361884e+01
1.759798994974874375e+01
1.763819095477386867e+01
1.767839195979899358e+01
1.771859296482411850e+01
1.775879396984924696e+01
1.779899497487437188e+01
1.783919597989949679e+01
1.787939698492462526e+01
1.791959798994975017e+01
1.795979899497487509e+01
1.800000000000000000e+01
