4.751696716994047165e-03
4.810515325516462326e-03
4.840268753468990326e-03
4.876882303506135941e-03
4.897525999695062637e-03
4.899636376649141312e-03
4.968325607478618622e-03
5.033447872847318649e-03
5.044464021921157837e-03
5.063665565103292465e-03
5.124071612954139709e-03
5.126454401761293411e-03
5.141074303537607193e-03
5.183444358408451080e-03
5.205358844250440598e-03
5.222649313509464264e-03
5.270723253488540649e-03
5.280574783682823181e-03
5.317408591508865356e-03
5.381613504141569138e-03
5.395833868533372879e-03
5.397983361035585403e-03
5.407159216701984406e-03
5.441343877464532852e-03
5.451264791190624237e-03
5.469422787427902222e-03
5.485667847096920013e-03
5.500074941664934158e-03
5.527670960873365402e-03
5.575741175562143326e-03
5.587561056017875671e-03
5.590566433966159821e-03
5.615162197500467300e-03
5.723477806895971298e-03
5.749088246375322342e-03
5.772496573626995087e-03
5.860455334186553955e-03
5.873844027519226074e-03
5.911480635404586792e-03
5.951735191047191620e-03
5.955778528004884720e-03
5.998302251100540161e-03
6.008412223309278488e-03
6.015727296471595764e-03
6.038680672645568848e-03
6.069712806493043900e-03
6.089986767619848251e-03
6.138080731034278870e-03
6.194994784891605377e-03
6.196406669914722443e-03
6.210234947502613068e-03
6.295218598097562790e-03
6.303280126303434372e-03
6.311056669801473618e-03
6.320812739431858063e-03
6.343365646898746490e-03
6.361979059875011444e-03
6.370771676301956177e-03
6.409239489585161209e-03
6.463370751589536667e-03
6.543051451444625854e-03
6.633501034229993820e-03
6.648795679211616516e-03
6.649053655564785004e-03
6.668011657893657684e-03
6.679388228803873062e-03
6.777864415198564529e-03
6.792411673814058304e-03
6.821191869676113129e-03
6.852569524198770523e-03
6.934250239282846451e-03
6.968284491449594498e-03
7.049355190247297287e-03
7.157957646995782852e-03
7.170578930526971817e-03
7.170622702687978745e-03
7.182262837886810303e-03
7.238744292408227921e-03
7.343851961195468903e-03
7.362357340753078461e-03
7.399686146527528763e-03
7.421629503369331360e-03
7.457597181200981140e-03
7.492074277251958847e-03
7.500979583710432053e-03
7.530768401920795441e-03
7.559387013316154480e-03
7.585270330309867859e-03
7.588145788758993149e-03
7.644029334187507629e-03
7.652852684259414673e-03
7.736383937299251556e-03
7.788160350173711777e-03
7.799523882567882538e-03
7.810196373611688614e-03
7.839753292500972748e-03
7.860636338591575623e-03
7.941471412777900696e-03
8.016375824809074402e-03
8.053522557020187378e-03
8.076605387032032013e-03
8.094733580946922302e-03
8.142065256834030151e-03
8.167709223926067352e-03
8.224226534366607666e-03
8.305140770971775055e-03
8.321163244545459747e-03
8.475692942738533020e-03
8.501678705215454102e-03
8.536731824278831482e-03
8.621186017990112305e-03
8.631071075797080994e-03
8.654313161969184875e-03
8.676412515342235565e-03
8.688983507454395294e-03
8.728015236556529999e-03
8.736484684050083160e-03
8.756175637245178223e-03
8.759015239775180817e-03
8.820075541734695435e-03
8.902287110686302185e-03
8.914900943636894226e-03
8.961431682109832764e-03
8.977700024843215942e-03
8.997725322842597961e-03
9.018280543386936188e-03
9.050965309143066406e-03
9.112745523452758789e-03
9.163104929029941559e-03
9.305097162723541260e-03
9.382479824125766754e-03
9.389209561049938202e-03
9.398342110216617584e-03
9.403230622410774231e-03
9.409197606146335602e-03
9.582084603607654572e-03
9.588540531694889069e-03
9.597650729119777679e-03
9.653261862695217133e-03
9.658651426434516907e-03
9.660649113357067108e-03
9.698213078081607819e-03
9.738624095916748047e-03
9.759375825524330139e-03
9.828078560531139374e-03
9.874367155134677887e-03
9.992123581469058990e-03
1.000312902033329010e-02
1.005056127905845642e-02
1.005558110773563385e-02
1.010159123688936234e-02
1.015652343630790710e-02
1.023962441831827164e-02
1.033425144851207733e-02
1.050453912466764450e-02
1.052933465689420700e-02
1.054125931113958359e-02
1.055121142417192459e-02
1.058524567633867264e-02
1.059214491397142410e-02
1.060337945818901062e-02
1.086467038840055466e-02
1.088334433734416962e-02
1.092455722391605377e-02
1.101345103234052658e-02
1.102877780795097351e-02
1.105718035250902176e-02
1.109170448035001755e-02
1.112649776041507721e-02
1.112998649477958679e-02
1.113640237599611282e-02
1.124290656298398972e-02
1.127951405942440033e-02
1.132389809936285019e-02
1.152937207370996475e-02
1.153373625129461288e-02
1.159172784537076950e-02
1.162761077284812927e-02
1.164953410625457764e-02
1.165318675339221954e-02
1.172692514955997467e-02
1.172700803726911545e-02
1.180551387369632721e-02
1.187883876264095306e-02
1.188475638628005981e-02
1.189805753529071808e-02
1.190013159066438675e-02
1.191060990095138550e-02
1.195215899497270584e-02
1.205540355294942856e-02
1.208181772381067276e-02
1.213550847023725510e-02
1.215674635022878647e-02
1.240836735814809799e-02
1.258886605501174927e-02
1.261507440358400345e-02
1.269627362489700317e-02
1.275329757481813431e-02
1.280001737177371979e-02
1.290756277740001678e-02
1.306780148297548294e-02
1.308186165988445282e-02
1.311732642352581024e-02
1.313613541424274445e-02
1.316583435982465744e-02
1.316936593502759933e-02
1.330781821161508560e-02
1.332299783825874329e-02
1.334396842867136002e-02
1.340420730412006378e-02
1.342067029327154160e-02
1.345198974013328552e-02
1.349579356610774994e-02
1.365778595209121704e-02
1.382700074464082718e-02
1.398184429854154587e-02
1.398601289838552475e-02
1.403605565428733826e-02
1.422322075814008713e-02
1.427680626511573792e-02
1.427848357707262039e-02
1.431509945541620255e-02
1.432223431766033173e-02
1.437231432646512985e-02
1.457167323678731918e-02
1.498511526733636856e-02
1.498652342706918716e-02
1.498868502676486969e-02
1.517487503588199615e-02
1.539241150021553040e-02
1.541110966354608536e-02
1.546551287174224854e-02
1.551458239555358887e-02
1.551686320453882217e-02
1.567087695002555847e-02
1.567594520747661591e-02
1.585317030549049377e-02
1.600064523518085480e-02
1.620439067482948303e-02
1.625609584152698517e-02
1.628653332591056824e-02
1.649521291255950928e-02
1.655155420303344727e-02
1.658377423882484436e-02
1.670316047966480255e-02
1.695372164249420166e-02
1.707599125802516937e-02
1.726687327027320862e-02
1.728704757988452911e-02
1.731678657233715057e-02
1.753636822104454041e-02
1.772188395261764526e-02
1.778912730515003204e-02
1.792860031127929688e-02
1.802112348377704620e-02
1.818642206490039825e-02
1.825790666043758392e-02
1.828232780098915100e-02
1.837996207177639008e-02
1.871937699615955353e-02
1.892687566578388214e-02
1.893942616879940033e-02
1.898545958101749420e-02
1.906540431082248688e-02
1.915761642158031464e-02
1.920175366103649139e-02
1.928035542368888855e-02
1.943582668900489807e-02
1.943855732679367065e-02
1.944636553525924683e-02
1.949049532413482666e-02
1.951851323246955872e-02
1.964890770614147186e-02
1.975075900554656982e-02
1.978878863155841827e-02
1.988193951547145844e-02
1.993340440094470978e-02
2.001916430890560150e-02
2.009799145162105560e-02
2.014362066984176636e-02
2.015074156224727631e-02
2.035587280988693237e-02
2.082054689526557922e-02
2.084037475287914276e-02
2.118229120969772339e-02
2.120870724320411682e-02
2.143756113946437836e-02
2.174206078052520752e-02
2.214026451110839844e-02
2.250560745596885681e-02
2.259557694196701050e-02
2.261323854327201843e-02
2.274374105036258698e-02
2.289097569882869720e-02
2.291606366634368896e-02
2.339016273617744446e-02
2.348970621824264526e-02
2.372646145522594452e-02
2.387810871005058289e-02
2.399209141731262207e-02
2.407125011086463928e-02
2.414135076105594635e-02
2.421488240361213684e-02
2.436259016394615173e-02
2.440422028303146362e-02
2.456930652260780334e-02
2.458391897380352020e-02
2.461598254740238190e-02
2.506538294255733490e-02
2.511868253350257874e-02
2.536134421825408936e-02
2.539788372814655304e-02
2.552728168666362762e-02
2.573754452168941498e-02
2.585780248045921326e-02
2.592954039573669434e-02
2.605037577450275421e-02
2.640189044177532196e-02
2.657100372016429901e-02
2.683812938630580902e-02
2.726581878960132599e-02
2.778314426541328430e-02
2.790521830320358276e-02
2.835881710052490234e-02
2.846912294626235962e-02
2.862147800624370575e-02
2.871572971343994141e-02
2.872576378285884857e-02
2.875551395118236542e-02
2.894010022282600403e-02
2.896028757095336914e-02
2.918825484812259674e-02
2.923276834189891815e-02
2.925482206046581268e-02
2.926372364163398743e-02
2.954241819679737091e-02
2.960800006985664368e-02
3.001826256513595581e-02
3.017249144613742828e-02
3.023326583206653595e-02
3.041354753077030182e-02
3.043694049119949341e-02
3.047052957117557526e-02
3.062209486961364746e-02
3.065600804984569550e-02
3.078614175319671631e-02
3.079728223383426666e-02
3.079993091523647308e-02
3.087982907891273499e-02
3.099766559898853302e-02
3.125239163637161255e-02
3.134994208812713623e-02
3.135038167238235474e-02
3.137797489762306213e-02
3.156737238168716431e-02
3.168008103966712952e-02
3.180821239948272705e-02
3.183647245168685913e-02
3.189745545387268066e-02
3.202063590288162231e-02
3.238368779420852661e-02
3.271853551268577576e-02
3.305564075708389282e-02
3.306243196129798889e-02
3.390204533934593201e-02
3.400405496358871460e-02
3.406538069248199463e-02
3.419101610779762268e-02
3.441682085394859314e-02
3.460812196135520935e-02
3.496552631258964539e-02
3.531584888696670532e-02
3.578770533204078674e-02
3.617932274937629700e-02
3.634321689605712891e-02
3.652893379330635071e-02
3.676693141460418701e-02
3.694734349846839905e-02
3.707836940884590149e-02
3.708042204380035400e-02
3.711710497736930847e-02
3.744684904813766479e-02
3.754895552992820740e-02
3.802087530493736267e-02
3.808485344052314758e-02
3.832996264100074768e-02
3.863616287708282471e-02
3.988665714859962463e-02
3.994112834334373474e-02
4.008679091930389404e-02
4.011478275060653687e-02
4.092607274651527405e-02
4.131431877613067627e-02
4.162010923027992249e-02
4.163309931755065918e-02
4.202504083514213562e-02
4.233528301119804382e-02
4.280939698219299316e-02
4.294077306985855103e-02
4.298402369022369385e-02
4.311065375804901123e-02
4.330389574170112610e-02
4.332070052623748779e-02
4.350745677947998047e-02
4.357038810849189758e-02
4.401453584432601929e-02
4.419800266623497009e-02
4.438462853431701660e-02
4.485961794853210449e-02
4.497498273849487305e-02
4.516814649105072021e-02
4.517388343811035156e-02
4.545661062002182007e-02
4.580385982990264893e-02
4.593095555901527405e-02
4.656202718615531921e-02
4.698785394430160522e-02
4.707473143935203552e-02
4.822244867682456970e-02
4.866329208016395569e-02
4.880122840404510498e-02
4.890567436814308167e-02
4.920892789959907532e-02
4.927058517932891846e-02
4.985971376299858093e-02
4.998270049691200256e-02
5.004435777664184570e-02
5.042255297303199768e-02
5.042526870965957642e-02
5.053054913878440857e-02
5.065948143601417542e-02
5.106017366051673889e-02
5.139600113034248352e-02
5.218569934368133545e-02
5.227578431367874146e-02
5.241356417536735535e-02
5.292753502726554871e-02
5.299632251262664795e-02
5.375099554657936096e-02
5.375348031520843506e-02
5.384572222828865051e-02
5.410441756248474121e-02
5.457970872521400452e-02
5.464014783501625061e-02
5.495759844779968262e-02
5.498593300580978394e-02
5.591759830713272095e-02
5.611768364906311035e-02
5.670354515314102173e-02
5.699245259165763855e-02
5.785080417990684509e-02
5.808163061738014221e-02
5.817708000540733337e-02
5.884834751486778259e-02
5.907612293958663940e-02
5.917991325259208679e-02
5.942395702004432678e-02
5.976252257823944092e-02
6.080077588558197021e-02
6.128575652837753296e-02
6.137470155954360962e-02
6.175574660301208496e-02
6.177647039294242859e-02
6.274145096540451050e-02
6.324884295463562012e-02
6.348618865013122559e-02
6.356262415647506714e-02
6.403312087059020996e-02
6.563366204500198364e-02
6.569030135869979858e-02
6.596699357032775879e-02
6.748999655246734619e-02
6.840556114912033081e-02
6.945717334747314453e-02
6.959916651248931885e-02
7.038301229476928711e-02
7.063086330890655518e-02
7.101405411958694458e-02
7.185816764831542969e-02
7.219857722520828247e-02
7.451237738132476807e-02
7.511983066797256470e-02
7.524307817220687866e-02
7.780405133962631226e-02
7.794809341430664062e-02
7.814032584428787231e-02
7.825217396020889282e-02
7.961324602365493774e-02
7.961579412221908569e-02
7.975605875253677368e-02
8.099859207868576050e-02
8.242743462324142456e-02
8.366113901138305664e-02
8.375690877437591553e-02
8.490969985723495483e-02
8.575057983398437500e-02
8.679617941379547119e-02
8.710192143917083740e-02
8.760225027799606323e-02
8.794017136096954346e-02
8.862777799367904663e-02
9.052615612745285034e-02
9.058926254510879517e-02
9.084191918373107910e-02
9.118141233921051025e-02
9.238636493682861328e-02
9.250660240650177002e-02
9.279735386371612549e-02
9.368731826543807983e-02
9.392324090003967285e-02
9.635510295629501343e-02
9.902930259704589844e-02
9.950383752584457397e-02
9.962318837642669678e-02
9.979487955570220947e-02
9.995213896036148071e-02
1.000746488571166992e-01
1.002789735794067383e-01
1.003952324390411377e-01
1.012734696269035339e-01
1.024749428033828735e-01
1.035816296935081482e-01
1.039795428514480591e-01
1.057845056056976318e-01
1.068965792655944824e-01
1.085737422108650208e-01
1.099184900522232056e-01
1.113987118005752563e-01
1.118529066443443298e-01
1.130189970135688782e-01
1.131836101412773132e-01
1.147440895438194275e-01
1.162166595458984375e-01
1.170580685138702393e-01
1.171840503811836243e-01
1.175119429826736450e-01
1.187241002917289734e-01
1.191186755895614624e-01
1.196920946240425110e-01
1.202744767069816589e-01
1.214029267430305481e-01
1.248632371425628662e-01
1.252165734767913818e-01
1.254537850618362427e-01
1.266863495111465454e-01
1.273263096809387207e-01
1.276502609252929688e-01
1.283541023731231689e-01
1.287363618612289429e-01
1.303067952394485474e-01
1.305399090051651001e-01
1.309292614459991455e-01
1.310943216085433960e-01
1.318478286266326904e-01
1.332889050245285034e-01
1.342333406209945679e-01
1.373997181653976440e-01
1.378937214612960815e-01
1.401104331016540527e-01
1.404010206460952759e-01
1.416417658329010010e-01
1.420002728700637817e-01
1.423606723546981812e-01
1.435191035270690918e-01
1.441141813993453979e-01
1.456802338361740112e-01
1.468635946512222290e-01
1.471553295850753784e-01
1.475333422422409058e-01
1.525436788797378540e-01
1.535079479217529297e-01
1.546798795461654663e-01
1.572162657976150513e-01
1.576223820447921753e-01
1.581574231386184692e-01
1.607223153114318848e-01
1.610172241926193237e-01
1.634746193885803223e-01
1.646801382303237915e-01
1.653684824705123901e-01
1.672202348709106445e-01
1.710073053836822510e-01
1.713474094867706299e-01
1.726197749376296997e-01
1.750019937753677368e-01
1.779894381761550903e-01
1.828711330890655518e-01
1.830545663833618164e-01
1.834992170333862305e-01
1.852532923221588135e-01
1.866804659366607666e-01
1.878889501094818115e-01
1.911348104476928711e-01
1.927249580621719360e-01
1.935784220695495605e-01
2.002214342355728149e-01
2.012855261564254761e-01
2.012899219989776611e-01
2.059637755155563354e-01
2.063015550374984741e-01
2.079292535781860352e-01
2.087623029947280884e-01
2.095767110586166382e-01
2.100875526666641235e-01
2.105036675930023193e-01
2.109544128179550171e-01
2.118101269006729126e-01
2.176483124494552612e-01
2.184028029441833496e-01
2.228608727455139160e-01
2.233019322156906128e-01
2.242800295352935791e-01
2.290056943893432617e-01
2.313687652349472046e-01
2.340482324361801147e-01
2.350709140300750732e-01
2.385869920253753662e-01
2.390469610691070557e-01
2.412507236003875732e-01
2.452410608530044556e-01
2.478462457656860352e-01
2.490880787372589111e-01
2.496526241302490234e-01
2.512404024600982666e-01
2.516111433506011963e-01
2.610766291618347168e-01
2.616040110588073730e-01
2.617287039756774902e-01
2.664512395858764648e-01
2.674795389175415039e-01
2.686980068683624268e-01
2.695588171482086182e-01
2.702411115169525146e-01
2.720893621444702148e-01
2.721213698387145996e-01
2.754394412040710449e-01
2.761775851249694824e-01
2.773633003234863281e-01
2.815074324607849121e-01
2.817196846008300781e-01
2.829115986824035645e-01
2.838332056999206543e-01
2.839539051055908203e-01
2.889119982719421387e-01
2.945291697978973389e-01
2.961353957653045654e-01
2.992866635322570801e-01
3.002628684043884277e-01
3.026407361030578613e-01
3.070592582225799561e-01
3.072515130043029785e-01
3.089376389980316162e-01
3.091341853141784668e-01
3.091917932033538818e-01
3.094531595706939697e-01
3.170433044433593750e-01
3.175334334373474121e-01
3.200702667236328125e-01
3.221986591815948486e-01
3.259342908859252930e-01
3.264240622520446777e-01
3.296628296375274658e-01
3.335120975971221924e-01
3.346869349479675293e-01
3.358112573623657227e-01
3.363685607910156250e-01
3.383090496063232422e-01
3.411542475223541260e-01
3.439296483993530273e-01
3.483724892139434814e-01
3.489758968353271484e-01
3.513904511928558350e-01
3.520719110965728760e-01
3.522190451622009277e-01
3.595178723335266113e-01
3.598930537700653076e-01
3.618878424167633057e-01
3.623790740966796875e-01
3.624926507472991943e-01
3.654240965843200684e-01
3.726501464843750000e-01
3.743312656879425049e-01
3.772071301937103271e-01
3.772842288017272949e-01
3.820206522941589355e-01
3.841761052608489990e-01
3.852776885032653809e-01
3.868236541748046875e-01
3.914056122303009033e-01
3.936170041561126709e-01
3.992319703102111816e-01
4.008363187313079834e-01
4.061770141124725342e-01
4.062258005142211914e-01
4.062259495258331299e-01
4.067897200584411621e-01
4.083044826984405518e-01
4.101112782955169678e-01
4.130751490592956543e-01
4.150660932064056396e-01
4.214087128639221191e-01
4.234679937362670898e-01
4.236823022365570068e-01
4.237735569477081299e-01
4.333776533603668213e-01
4.371923804283142090e-01
4.386852085590362549e-01
4.414843022823333740e-01
4.431417584419250488e-01
4.442999958992004395e-01
4.462920427322387695e-01
4.498734176158905029e-01
4.534822106361389160e-01
4.579561352729797363e-01
4.613633453845977783e-01
4.633053839206695557e-01
4.696125388145446777e-01
4.707658588886260986e-01
4.747526645660400391e-01
4.762660861015319824e-01
4.762671291828155518e-01
4.774406850337982178e-01
4.878557324409484863e-01
4.878676533699035645e-01
5.120621323585510254e-01
5.126704573631286621e-01
5.158915519714355469e-01
5.226514935493469238e-01
5.255463123321533203e-01
5.329043865203857422e-01
5.346601605415344238e-01
5.418287515640258789e-01
5.450969934463500977e-01
5.474156737327575684e-01
5.481165647506713867e-01
5.539937615394592285e-01
5.543505549430847168e-01
5.615954995155334473e-01
5.619434714317321777e-01
5.640333294868469238e-01
5.657671689987182617e-01
5.673612356185913086e-01
5.716580748558044434e-01
5.726021528244018555e-01
5.801154971122741699e-01
5.817992687225341797e-01
5.821431875228881836e-01
5.828646421432495117e-01
5.836198329925537109e-01
5.851690769195556641e-01
5.904515981674194336e-01
5.952073335647583008e-01
5.987144112586975098e-01
6.016919612884521484e-01
6.159800887107849121e-01
6.169703602790832520e-01
6.191491484642028809e-01
6.212601661682128906e-01
6.243455410003662109e-01
6.271629333496093750e-01
6.317120790481567383e-01
6.317827701568603516e-01
6.333541870117187500e-01
6.343854069709777832e-01
6.396908760070800781e-01
6.414658427238464355e-01
6.449919342994689941e-01
6.468022465705871582e-01
6.494665741920471191e-01
6.495419740676879883e-01
6.549919247627258301e-01
6.619153022766113281e-01
6.646651029586791992e-01
6.657602190971374512e-01
6.694719791412353516e-01
6.740155220031738281e-01
6.768417954444885254e-01
6.801006793975830078e-01
6.849429011344909668e-01
6.885916590690612793e-01
7.015119194984436035e-01
7.028052806854248047e-01
7.050983905792236328e-01
7.199457883834838867e-01
7.210356593132019043e-01
7.237956523895263672e-01
7.273263335227966309e-01
7.277436852455139160e-01
7.290150523185729980e-01
7.296164035797119141e-01
7.349753975868225098e-01
7.357466816902160645e-01
7.448276877403259277e-01
7.450836300849914551e-01
7.480177879333496094e-01
7.511963248252868652e-01
7.536238431930541992e-01
7.617434263229370117e-01
7.669782638549804688e-01
7.672734260559082031e-01
7.675261497497558594e-01
7.681919932365417480e-01
7.732058167457580566e-01
7.777619957923889160e-01
7.783675789833068848e-01
7.808110117912292480e-01
7.810353636741638184e-01
7.820029854774475098e-01
7.851492166519165039e-01
7.874476909637451172e-01
7.889429330825805664e-01
7.889697551727294922e-01
7.902047634124755859e-01
7.963142991065979004e-01
7.974877953529357910e-01
7.976183295249938965e-01
7.976366281509399414e-01
8.031694889068603516e-01
8.048488497734069824e-01
8.050687909126281738e-01
8.066625595092773438e-01
8.069075942039489746e-01
8.070418834686279297e-01
8.117117285728454590e-01
8.117903470993041992e-01
8.139024972915649414e-01
8.147663474082946777e-01
8.172461390495300293e-01
8.180092573165893555e-01
8.191719055175781250e-01
8.204294443130493164e-01
8.209530115127563477e-01
8.217707872390747070e-01
8.246273398399353027e-01
8.269160985946655273e-01
8.289780020713806152e-01
8.294473886489868164e-01
8.294938802719116211e-01
8.295353055000305176e-01
8.342135548591613770e-01
8.362132906913757324e-01
8.362780213356018066e-01
8.440409898757934570e-01
8.444302678108215332e-01
8.483353257179260254e-01
8.486564159393310547e-01
8.505670428276062012e-01
8.525732755661010742e-01
8.621808886528015137e-01
8.647050857543945312e-01
8.672156333923339844e-01
8.673081398010253906e-01
8.678964376449584961e-01
8.728610873222351074e-01
8.742007017135620117e-01
8.746415376663208008e-01
8.781703114509582520e-01
8.797217607498168945e-01
8.815295696258544922e-01
8.827666044235229492e-01
8.841890096664428711e-01
8.848586082458496094e-01
8.852406740188598633e-01
8.871340155601501465e-01
8.884521722793579102e-01
8.886781334877014160e-01
8.894757032394409180e-01
8.915073275566101074e-01
8.960970044136047363e-01
8.981784582138061523e-01
8.984737396240234375e-01
8.988044261932373047e-01
8.992748260498046875e-01
9.036689400672912598e-01
9.044184684753417969e-01
9.058293104171752930e-01
9.060609936714172363e-01
9.078262448310852051e-01
9.081194400787353516e-01
9.104583263397216797e-01
9.107074141502380371e-01
9.127976894378662109e-01
9.137490391731262207e-01
9.174070954322814941e-01
9.182170629501342773e-01
9.201665520668029785e-01
9.230279326438903809e-01
9.238330125808715820e-01
9.251716136932373047e-01
9.267939925193786621e-01
9.268617630004882812e-01
9.272392392158508301e-01
9.299387931823730469e-01
9.319884181022644043e-01
9.328396320343017578e-01
9.339152574539184570e-01
9.342432022094726562e-01
9.348247647285461426e-01
9.350711107254028320e-01
9.351401925086975098e-01
9.359181523323059082e-01
9.374950528144836426e-01
9.388533830642700195e-01
9.390152096748352051e-01
9.391733407974243164e-01
9.438893795013427734e-01
9.444366097450256348e-01
9.445915818214416504e-01
9.452409744262695312e-01
9.454815387725830078e-01
9.454969763755798340e-01
9.462231397628784180e-01
9.462745189666748047e-01
9.473134875297546387e-01
9.476040601730346680e-01
9.483426809310913086e-01
9.504683017730712891e-01
9.511910676956176758e-01
9.524825215339660645e-01
9.525681138038635254e-01
9.532377123832702637e-01
9.533976912498474121e-01
9.535160660743713379e-01
9.549779295921325684e-01
9.551106691360473633e-01
9.552552103996276855e-01
9.554886817932128906e-01
9.555160403251647949e-01
9.558010697364807129e-01
9.558320045471191406e-01
9.567267894744873047e-01
9.577565193176269531e-01
9.579185843467712402e-01
9.586213827133178711e-01
9.586301445960998535e-01
9.587306976318359375e-01
9.591049551963806152e-01
9.593892693519592285e-01
9.596467614173889160e-01
9.603047966957092285e-01
9.611750245094299316e-01
9.612328410148620605e-01
9.618418216705322266e-01
9.627701044082641602e-01
9.627867937088012695e-01
9.628340601921081543e-01
9.643279910087585449e-01
9.643874168395996094e-01
9.645894169807434082e-01
9.656054973602294922e-01
9.659488797187805176e-01
9.663059115409851074e-01
9.665231108665466309e-01
9.670693278312683105e-01
9.672021269798278809e-01
9.681223630905151367e-01
9.689093828201293945e-01
9.691212773323059082e-01
9.699140191078186035e-01
9.700741767883300781e-01
9.716916084289550781e-01
9.724150896072387695e-01
9.725386500358581543e-01
9.729352593421936035e-01
9.733177423477172852e-01
9.734912514686584473e-01
9.736894369125366211e-01
9.738523960113525391e-01
9.739807844161987305e-01
9.743068814277648926e-01
9.744370579719543457e-01
9.759016036987304688e-01
9.760951995849609375e-01
9.762065410614013672e-01
9.762868285179138184e-01
9.764501452445983887e-01
9.767761230468750000e-01
9.774777889251708984e-01
9.775570034980773926e-01
9.777756333351135254e-01
9.784547686576843262e-01
9.787700176239013672e-01
9.789075255393981934e-01
9.790023565292358398e-01
9.790207147598266602e-01
9.792231321334838867e-01
9.802603125572204590e-01
9.809930324554443359e-01
9.815706610679626465e-01
9.818296432495117188e-01
9.820340871810913086e-01
9.821881651878356934e-01
9.824231863021850586e-01
9.826524257659912109e-01
9.831114411354064941e-01
9.832390546798706055e-01
9.833015203475952148e-01
9.834330081939697266e-01
9.842026233673095703e-01
9.843223690986633301e-01
9.846158623695373535e-01
9.847460985183715820e-01
9.852710962295532227e-01
9.854212403297424316e-01
9.861485958099365234e-01
9.864924550056457520e-01
9.870549440383911133e-01
9.874116778373718262e-01
9.876375198364257812e-01
9.876876473426818848e-01
9.876985549926757812e-01
9.877283573150634766e-01
9.878522157669067383e-01
9.878551363945007324e-01
9.879173636436462402e-01
9.882466197013854980e-01
9.883365035057067871e-01
9.883984923362731934e-01
9.886160492897033691e-01
9.886817932128906250e-01
9.887132644653320312e-01
9.888866543769836426e-01
9.890033602714538574e-01
9.891704916954040527e-01
9.893311262130737305e-01
9.894658327102661133e-01
9.897876977920532227e-01
9.898002743721008301e-01
9.898663163185119629e-01
9.904154539108276367e-01
9.904562830924987793e-01
9.904787540435791016e-01
9.904906749725341797e-01
9.905782341957092285e-01
9.907490611076354980e-01
9.907597303390502930e-01
9.908397793769836426e-01
9.912794232368469238e-01
9.916189908981323242e-01
9.917233586311340332e-01
9.917325973510742188e-01
9.917441010475158691e-01
9.918055534362792969e-01
9.918518662452697754e-01
9.919680953025817871e-01
9.920610189437866211e-01
9.920754432678222656e-01
9.922599196434020996e-01
9.926534891128540039e-01
9.927068352699279785e-01
9.929135441780090332e-01
9.930175542831420898e-01
9.931620359420776367e-01
9.931983351707458496e-01
9.933245778083801270e-01
9.934192299842834473e-01
9.934743046760559082e-01
9.935384392738342285e-01
9.935907125473022461e-01
9.939159750938415527e-01
9.940553903579711914e-01
9.940589666366577148e-01
9.941712021827697754e-01
9.944649338722229004e-01
9.944813251495361328e-01
9.945335388183593750e-01
9.946184754371643066e-01
9.946413040161132812e-01
9.946683049201965332e-01
9.947368502616882324e-01
9.948122501373291016e-01
9.948611855506896973e-01
9.949244260787963867e-01
9.950441122055053711e-01
9.951215386390686035e-01
9.952149391174316406e-01
9.952261447906494141e-01
9.952567219734191895e-01
9.953513145446777344e-01
9.953808784484863281e-01
9.953859448432922363e-01
9.953886270523071289e-01
9.954053163528442383e-01
9.954061508178710938e-01
9.954285621643066406e-01
9.954431056976318359e-01
9.955056905746459961e-01
9.955124258995056152e-01
9.955177903175354004e-01
9.955707192420959473e-01
9.956238865852355957e-01
9.956446886062622070e-01
9.956547021865844727e-01
9.957060217857360840e-01
9.957329630851745605e-01
9.957404136657714844e-01
9.958260059356689453e-01
9.958502054214477539e-01
9.959208965301513672e-01
9.959279894828796387e-01
9.959677457809448242e-01
9.959772229194641113e-01
9.962155222892761230e-01
9.962618947029113770e-01
9.962905645370483398e-01
9.963011741638183594e-01
9.963149428367614746e-01
9.963184595108032227e-01
9.963627457618713379e-01
9.966143965721130371e-01
9.966499209403991699e-01
9.967465400695800781e-01
9.967610239982604980e-01
9.967779517173767090e-01
9.968662858009338379e-01
9.968686699867248535e-01
9.969229102134704590e-01
9.971448779106140137e-01
9.971741437911987305e-01
9.972648620605468750e-01
9.973073005676269531e-01
9.973574280738830566e-01
9.973900914192199707e-01
9.974587559700012207e-01
9.976038336753845215e-01
9.976485371589660645e-01
9.976993203163146973e-01
9.978727102279663086e-01
9.979507327079772949e-01
9.979984164237976074e-01
9.980744123458862305e-01
9.980756044387817383e-01
9.982403516769409180e-01
9.982686042785644531e-01
9.983314871788024902e-01
9.984567165374755859e-01
