8.977700024843215942e-03
9.143514325842261314e-04
1.462375861592590809e-03
2.960800006985664368e-02
1.130189970135688782e-01
2.042630687355995178e-03
2.138260053470730782e-03
1.345198974013328552e-02
2.399209141731262207e-02
3.296628296375274658e-01
1.607223153114318848e-01
4.774406850337982178e-01
7.157957646995782852e-03
8.099859207868576050e-02
3.017249144613742828e-02
6.492491811513900757e-04
5.427583819255232811e-04
1.975075900554656982e-02
2.992866635322570801e-01
1.039383816532790661e-03
1.000312902033329010e-02
5.317408591508865356e-03
2.775475615635514259e-03
5.539937615394592285e-01
1.159172784537076950e-02
2.925482206046581268e-02
3.916586749255657196e-03
6.668011657893657684e-03
8.760225027799606323e-02
1.002789735794067383e-01
1.276502609252929688e-01
8.862777799367904663e-02
6.549919247627258301e-01
2.084037475287914276e-02
6.356262415647506714e-02
6.968284491449594498e-03
4.162010923027992249e-02
2.015074156224727631e-02
3.137797489762306213e-02
9.653261862695217133e-03
5.126454401761293411e-03
4.130751490592956543e-01
8.905329159460961819e-04
4.718065029010176659e-04
1.525436788797378540e-01
9.398342110216617584e-03
9.635510295629501343e-02
6.959916651248931885e-02
1.330781821161508560e-02
9.504683017730712891e-01
1.050453912466764450e-02
6.821191869676113129e-03
8.902287110686302185e-03
1.498652342706918716e-02
2.552728168666362762e-02
1.434399979189038277e-03
1.005056127905845642e-02
2.657100372016429901e-02
1.483967644162476063e-03
1.541110966354608536e-02
2.070476999506354332e-03
2.407125011086463928e-02
4.920892789959907532e-02
7.049355190247297287e-03
1.628653332591056824e-02
4.234679937362670898e-01
9.636488393880426884e-04
9.902930259704589844e-02
4.765783669427037239e-04
2.944200998172163963e-03
1.152937207370996475e-02
9.058926254510879517e-02
2.674795389175415039e-01
1.511280308477580547e-03
2.174206078052520752e-02
1.427680626511573792e-02
4.566324641928076744e-04
1.316936593502759933e-02
7.777619957923889160e-01
5.808163061738014221e-02
1.383160240948200226e-03
4.445576108992099762e-03
3.062209486961364746e-02
2.339016273617744446e-02
5.910046747885644436e-04
2.902953652665019035e-03
5.042255297303199768e-02
1.422322075814008713e-02
1.427848357707262039e-02
8.167941123247146606e-04
1.646801382303237915e-01
4.707473143935203552e-02
1.258886605501174927e-02
8.454057388007640839e-04
2.038224367424845695e-03
1.713474094867706299e-01
1.073439256288111210e-03
1.517487503588199615e-02
9.698213078081607819e-03
1.620439067482948303e-02
5.426368443295359612e-04
2.874049823731184006e-03
1.198022859171032906e-03
4.593095555901527405e-02
3.169985953718423843e-03
3.707836940884590149e-02
2.516291802749037743e-03
1.155938254669308662e-03
4.311065375804901123e-02
8.294938802719116211e-01
4.255261737853288651e-03
1.127951405942440033e-02
2.079292535781860352e-01
1.498868502676486969e-02
1.041527371853590012e-03
7.028052806854248047e-01
2.923276834189891815e-02
5.457885563373565674e-04
5.998302251100540161e-03
4.580385982990264893e-02
6.403312087059020996e-02
2.835881710052490234e-02
1.033425144851207733e-02
3.023326583206653595e-02
1.213550847023725510e-02
8.224226534366607666e-03
6.274145096540451050e-02
9.597650729119777679e-03
1.825790666043758392e-02
4.515657667070627213e-03
8.575057983398437500e-02
9.874367155134677887e-03
1.565424492582678795e-03
4.062258005142211914e-01
1.769324182532727718e-03
4.237735569477081299e-01
9.250660240650177002e-02
2.337707905098795891e-03
2.524571958929300308e-03
3.132881363853812218e-03
1.266863495111465454e-01
3.135038167238235474e-02
7.376454304903745651e-04
7.511983066797256470e-02
2.250560745596885681e-02
5.237107980065047741e-04
6.210234947502613068e-03
6.563366204500198364e-02
5.106017366051673889e-02
1.779894381761550903e-01
5.860455334186553955e-03
3.786763409152626991e-03
2.766221994534134865e-03
4.294077306985855103e-02
4.098629287909716368e-04
1.003241399303078651e-03
1.608759746886789799e-03
7.917057955637574196e-04
2.261323854327201843e-02
1.728704757988452911e-02
8.483353257179260254e-01
4.371923804283142090e-01
8.679617941379547119e-02
2.695588171482086182e-01
9.658651426434516907e-03
5.410441756248474121e-02
3.310310654342174530e-03
2.790521830320358276e-02
6.361979059875011444e-03
2.436259016394615173e-02
3.189745545387268066e-02
1.692933496087789536e-03
1.423606723546981812e-01
5.685162614099681377e-04
3.652893379330635071e-02
8.375690877437591553e-02
3.175334334373474121e-01
5.395833868533372879e-03
1.238061231561005116e-03
2.536535728722810745e-03
1.949049532413482666e-02
3.989635966718196869e-03
5.462772678583860397e-04
1.059214491397142410e-02
8.647050857543945312e-01
1.109170448035001755e-02
2.109544128179550171e-01
4.214087128639221191e-01
6.748999655246734619e-02
1.670316047966480255e-02
1.900643343105912209e-03
1.613903208635747433e-03
6.311056669801473618e-03
8.490969985723495483e-02
1.374202314764261246e-03
6.069712806493043900e-03
5.346601605415344238e-01
1.283541023731231689e-01
1.546551287174224854e-02
2.082054689526557922e-02
3.708042204380035400e-02
3.305564075708389282e-02
7.237956523895263672e-01
9.268617630004882812e-01
3.460812196135520935e-02
1.045886427164077759e-03
6.899928557686507702e-04
8.984737396240234375e-01
7.447670795954763889e-04
6.370771676301956177e-03
3.489758968353271484e-01
2.573754452168941498e-02
4.880122840404510498e-02
7.675261497497558594e-01
1.124290656298398972e-02
1.085737422108650208e-01
1.551458239555358887e-02
2.516111433506011963e-01
1.208181772381067276e-02
7.448276877403259277e-01
1.567087695002555847e-02
5.272928974591195583e-04
4.352303221821784973e-03
3.325881436467170715e-03
4.570978053379803896e-04
5.587561056017875671e-03
2.452875021845102310e-03
5.615162197500467300e-03
3.691139165312051773e-03
4.033753182739019394e-03
1.070612925104796886e-03
1.131203491240739822e-03
2.241003559902310371e-03
6.151839043013751507e-04
1.446435344405472279e-03
1.852532923221588135e-01
2.726581878960132599e-02
5.460570682771503925e-04
2.773633003234863281e-01
8.621186017990112305e-03
8.207337232306599617e-04
5.053054913878440857e-02
3.180821239948272705e-02
1.118529066443443298e-01
2.954241819679737091e-02
4.083644133061170578e-03
2.511868253350257874e-02
4.878676533699035645e-01
1.778912730515003204e-02
1.280001737177371979e-02
1.164953410625457764e-02
3.620897419750690460e-03
5.033447872847318649e-03
1.196920946240425110e-01
4.517388343811035156e-02
7.633949280716478825e-04
3.863616287708282471e-02
1.102877780795097351e-02
1.057845056056976318e-01
5.397983361035585403e-03
4.100067541003227234e-03
7.732058167457580566e-01
2.759607043117284775e-03
9.116095025092363358e-04
6.038680672645568848e-03
4.479187540709972382e-03
5.120621323585510254e-01
4.634741926565766335e-04
6.414658427238464355e-01
1.706909155473113060e-03
2.863703528419137001e-03
2.118229120969772339e-02
2.135654911398887634e-03
2.829115986824035645e-01
3.782403655350208282e-03
6.409239489585161209e-03
4.792319086845964193e-04
4.822244867682456970e-02
1.112998649477958679e-02
6.648795679211616516e-03
1.191060990095138550e-02
5.673612356185913086e-01
2.302048960700631142e-03
2.926372364163398743e-02
5.785080417990684509e-02
8.147663474082946777e-01
3.936170041561126709e-01
8.210477535612881184e-04
1.655155420303344727e-02
2.918825484812259674e-02
3.726501464843750000e-01
1.332299783825874329e-02
1.441141813993453979e-01
1.180551387369632721e-02
8.838977664709091187e-04
1.915761642158031464e-02
1.819365308620035648e-03
3.166234819218516350e-03
2.975850133225321770e-03
3.001826256513595581e-02
8.756175637245178223e-03
4.633053839206695557e-01
2.624139189720153809e-03
1.240836735814809799e-02
1.726197749376296997e-01
9.992123581469058990e-03
1.600064523518085480e-02
1.004609628580510616e-03
2.291606366634368896e-02
5.464014783501625061e-02
3.868236541748046875e-01
5.575741175562143326e-03
9.112745523452758789e-03
1.269627362489700317e-02
1.468635946512222290e-01
1.389459241181612015e-03
2.314404817298054695e-03
9.399559348821640015e-04
7.500979583710432053e-03
2.974056871607899666e-03
4.045903682708740234e-03
1.910259597934782505e-03
3.836385207250714302e-03
9.738624095916748047e-03
2.184028029441833496e-01
6.679388228803873062e-03
1.125910319387912750e-03
5.441343877464532852e-03
8.683325140736997128e-04
5.976252257823944092e-02
1.812304137274622917e-03
3.744684904813766479e-02
2.478462457656860352e-01
9.995213896036148071e-02
2.672983333468437195e-03
3.183647245168685913e-02
7.450836300849914551e-01
1.361245056614279747e-03
9.058293104171752930e-01
3.058011410757899284e-03
7.530768401920795441e-03
1.920175366103649139e-02
4.273173864930868149e-03
6.582051282748579979e-04
9.163104929029941559e-03
9.759375825524330139e-03
1.309277024120092392e-03
6.922938628122210503e-04
3.685919335111975670e-03
1.210531336255371571e-03
5.292753502726554871e-02
1.373997181653976440e-01
6.945717334747314453e-02
7.672734260559082031e-01
9.409197606146335602e-03
1.662530819885432720e-03
3.478964325040578842e-03
1.172700803726911545e-02
8.146087639033794403e-04
4.401453584432601929e-02
1.039795428514480591e-01
1.585317030549049377e-02
4.810515325516462326e-03
9.979487955570220947e-02
1.060337945818901062e-02
6.822408176958560944e-04
7.780405133962631226e-02
2.290056943893432617e-01
1.113987118005752563e-01
8.676412515342235565e-03
5.631069652736186981e-04
7.976366281509399414e-01
8.792558801360428333e-04
1.306780148297548294e-02
9.452409744262695312e-01
3.200702667236328125e-01
3.156737238168716431e-02
6.569030135869979858e-02
4.115425690542906523e-04
1.088334433734416962e-02
4.768539511132985353e-04
6.596699357032775879e-02
3.330884501338005066e-03
4.927058517932891846e-02
3.623790740966796875e-01
2.382109174504876137e-03
1.943855732679367065e-02
7.246723980642855167e-04
8.536731824278831482e-03
5.495759844779968262e-02
2.605037577450275421e-02
4.037927836179733276e-03
5.004435777664184570e-02
3.578770533204078674e-02
2.691981848329305649e-03
4.485961794853210449e-02
2.035587280988693237e-02
9.777885861694812775e-04
5.951735191047191620e-03
1.840237644501030445e-03
7.736383937299251556e-03
3.419101610779762268e-02
3.271853551268577576e-02
4.357038810849189758e-02
1.188475638628005981e-02
1.398184429854154587e-02
1.977388281375169754e-03
5.790140130557119846e-04
7.799523882567882538e-03
5.917991325259208679e-02
8.076605387032032013e-03
1.498511526733636856e-02
4.497498273849487305e-02
6.303280126303434372e-03
3.802087530493736267e-02
6.690552108921110630e-04
2.235997933894395828e-03
4.027249291539192200e-03
9.532377123832702637e-01
6.175574660301208496e-02
1.928035542368888855e-02
4.707658588886260986e-01
4.866329208016395569e-02
8.142065256834030151e-03
8.053522557020187378e-03
6.777864415198564529e-03
4.411612462718039751e-04
2.326408633962273598e-03
1.151253120042383671e-03
7.425613002851605415e-04
1.408093143254518509e-03
2.720893621444702148e-01
5.857877549715340137e-04
2.894010022282600403e-02
1.281368313357234001e-03
3.617932274937629700e-02
9.276757482439279556e-04
6.934620323590934277e-04
2.259557694196701050e-02
6.507544894702732563e-04
3.634321689605712891e-02
1.753636822104454041e-02
2.549671567976474762e-03
8.759015239775180817e-03
8.320005727000534534e-04
3.099766559898853302e-02
1.728221890516579151e-03
7.238744292408227921e-03
3.269788809120655060e-03
6.367653841152787209e-04
4.696125388145446777e-01
3.087982907891273499e-02
9.279735386371612549e-02
1.286546117626130581e-03
1.349579356610774994e-02
1.170580685138702393e-01
7.073170272633433342e-04
7.491740398108959198e-04
6.137470155954360962e-02
9.305097162723541260e-03
4.498734176158905029e-01
1.964890770614147186e-02
4.409835208207368851e-03
2.461598254740238190e-02
9.374950528144836426e-01
2.095767110586166382e-01
4.762671291828155518e-01
7.385711069218814373e-04
1.112649776041507721e-02
5.126704573631286621e-01
3.025196259841322899e-03
3.612709464505314827e-03
4.240008536726236343e-03
1.792860031127929688e-02
2.846912294626235962e-02
3.264240622520446777e-01
2.214026451110839844e-02
6.543051451444625854e-03
2.259001368656754494e-03
2.894303994253277779e-03
1.539241150021553040e-02
4.393097944557666779e-03
3.002628684043884277e-01
7.889697551727294922e-01
1.287363618612289429e-01
9.588540531694889069e-03
2.839539051055908203e-01
5.591759830713272095e-02
1.010159123688936234e-02
4.067897200584411621e-01
1.420002728700637817e-01
3.130291355773806572e-03
2.827781951054930687e-03
4.577845335006713867e-03
2.414135076105594635e-02
5.498593300580978394e-02
5.016646464355289936e-04
2.875551395118236542e-02
2.506538294255733490e-02
6.016919612884521484e-01
2.771636238321661949e-03
9.555160403251647949e-01
2.013259101659059525e-03
7.718354463577270508e-04
2.390469610691070557e-01
3.238368779420852661e-02
3.810327034443616867e-03
7.015119194984436035e-01
2.336784964427351952e-03
3.441682085394859314e-02
5.063665565103292465e-03
3.694734349846839905e-02
7.961579412221908569e-02
5.884834751486778259e-02
9.107074141502380371e-01
1.175119429826736450e-01
1.305399090051651001e-01
9.389209561049938202e-03
2.408353844657540321e-03
5.670354515314102173e-02
8.066625595092773438e-01
4.189853498246520758e-04
2.178884577006101608e-03
7.006526575423777103e-04
3.284463891759514809e-03
1.308186165988445282e-02
4.876882303506135941e-03
7.343851961195468903e-03
2.391204237937927246e-03
2.274374105036258698e-02
4.234735388308763504e-03
2.934311283752322197e-03
2.012855261564254761e-01
2.889119982719421387e-01
2.717926865443587303e-03
1.916224602609872818e-03
9.987824596464633942e-04
1.012734696269035339e-01
1.830852008424699306e-03
2.412507236003875732e-01
1.654624124057590961e-03
2.289097569882869720e-02
5.044464021921157837e-03
1.613700995221734047e-03
5.754093872383236885e-04
1.039659138768911362e-03
4.281769040971994400e-03
1.818642206490039825e-02
3.297345712780952454e-03
1.686056260950863361e-03
7.182262837886810303e-03
1.871937699615955353e-02
1.860402990132570267e-03
1.204637461341917515e-03
1.382700074464082718e-02
2.801643451675772667e-03
9.743068814277648926e-01
1.730958465486764908e-03
5.141074303537607193e-03
1.311732642352581024e-02
1.387023832648992538e-03
1.365778595209121704e-02
7.814032584428787231e-02
7.839753292500972748e-03
3.647126723080873489e-03
6.194994784891605377e-03
3.170433044433593750e-01
6.320812739431858063e-03
1.340420730412006378e-02
4.332070052623748779e-02
3.531584888696670532e-02
1.896221423521637917e-03
6.023796740919351578e-04
1.830919180065393448e-03
7.825217396020889282e-02
7.273263335227966309e-01
6.210005958564579487e-04
2.496526241302490234e-01
6.089986767619848251e-03
1.432223431766033173e-02
1.162761077284812927e-02
9.962318837642669678e-02
3.406538069248199463e-02
4.656202718615531921e-02
1.121727749705314636e-03
5.810013972222805023e-04
7.963142991065979004e-01
5.042526870965957642e-02
9.403230622410774231e-03
8.654313161969184875e-03
7.810196373611688614e-03
6.463370751589536667e-03
1.935784220695495605e-01
7.524307817220687866e-02
5.611768364906311035e-02
1.309292614459991455e-01
9.853527881205081940e-04
2.120870724320411682e-02
1.054768916219472885e-03
5.347236874513328075e-04
4.545661062002182007e-02
1.676157815381884575e-03
9.382479824125766754e-03
6.343365646898746490e-03
4.330389574170112610e-02
5.222649313509464264e-03
2.810139674693346024e-03
4.062259495258331299e-01
1.044243224896490574e-03
2.374116564169526100e-03
9.828078560531139374e-03
3.472635522484779358e-03
1.291044405661523342e-03
2.699924167245626450e-03
1.125889946706593037e-03
1.625609584152698517e-02
5.723477806895971298e-03
1.358177163638174534e-03
2.616040110588073730e-01
1.779759884811937809e-03
5.500074941664934158e-03
7.561129168607294559e-04
2.038251608610153198e-03
5.907612293958663940e-02
7.820029854774475098e-01
2.862147800624370575e-02
3.400405496358871460e-02
2.617287039756774902e-01
6.324884295463562012e-02
1.898545958101749420e-02
4.549127072095870972e-03
1.828232780098915100e-02
7.576484931632876396e-04
6.646651029586791992e-01
1.726687327027320862e-02
1.058524567633867264e-02
8.501678705215454102e-03
2.271557692438364029e-03
1.869565225206315517e-03
6.633501034229993820e-03
1.594072324223816395e-03
1.165318675339221954e-02
6.992185954004526138e-04
1.404010206460952759e-01
1.695372164249420166e-02
6.021512090228497982e-04
6.649053655564785004e-03
4.693152441177517176e-04
5.384572222828865051e-02
1.094413571991026402e-03
2.452410608530044556e-01
3.078614175319671631e-02
3.079728223383426666e-02
4.985971376299858093e-02
4.287845920771360397e-03
8.321163244545459747e-03
4.442999958992004395e-01
6.657602190971374512e-01
4.500575363636016846e-03
1.261507440358400345e-02
1.457167323678731918e-02
2.052055438980460167e-03
7.975605875253677368e-02
1.681854249909520149e-03
6.987921660766005516e-04
4.912110161967575550e-04
1.731678657233715057e-02
2.041810424998402596e-03
5.469422787427902222e-03
2.421488240361213684e-02
1.886719721369445324e-03
8.961431682109832764e-03
5.375099554657936096e-02
7.585270330309867859e-03
5.407159216701984406e-03
1.055121142417192459e-02
1.437231432646512985e-02
1.892687566578388214e-02
2.805634867399930954e-03
4.144052974879741669e-03
5.124071612954139709e-03
3.072515130043029785e-01
8.634132100269198418e-04
1.273249625228345394e-03
8.781703114509582520e-01
6.934250239282846451e-03
9.524825215339660645e-01
4.597990773618221283e-03
7.457597181200981140e-03
1.171840503811836243e-01
1.380693865939974785e-03
5.699245259165763855e-02
2.387810871005058289e-02
1.988193951547145844e-02
4.083044826984405518e-01
6.128575652837753296e-02
2.342914929613471031e-03
1.153373625129461288e-02
1.132389809936285019e-02
4.899636376649141312e-03
4.828948294743895531e-04
7.941471412777900696e-03
5.817992687225341797e-01
8.305140770971775055e-03
4.101112782955169678e-01
2.778314426541328430e-02
4.438462853431701660e-02
3.202063590288162231e-02
2.640189044177532196e-02
5.139600113034248352e-02
5.527670960873365402e-03
3.810636699199676514e-03
1.775695709511637688e-03
2.202725270763039589e-03
2.835085615515708923e-03
2.624989021569490433e-03
1.332889050245285034e-01
4.532328341156244278e-03
7.492074277251958847e-03
1.924003008753061295e-03
1.964184688404202461e-03
1.342333406209945679e-01
1.068965792655944824e-01
5.772496573626995087e-03
7.290150523185729980e-01
2.087623029947280884e-01
6.348618865013122559e-02
8.094733580946922302e-03
8.736361050978302956e-04
4.131431877613067627e-02
8.191719055175781250e-01
8.209530115127563477e-01
3.222217783331871033e-03
3.653078339993953705e-03
4.897525999695062637e-03
1.435191035270690918e-01
2.754394412040710449e-01
4.298402369022369385e-02
1.610172241926193237e-01
1.187883876264095306e-02
7.097978959791362286e-04
1.147440895438194275e-01
1.944636553525924683e-02
1.190013159066438675e-02
3.679781220853328705e-03
4.046570509672164917e-03
4.516814649105072021e-02
1.331617939285933971e-03
5.657671689987182617e-01
3.390204533934593201e-02
2.683812938630580902e-02
1.978878863155841827e-02
1.172692514955997467e-02
6.885916590690612793e-01
6.317120790481567383e-01
4.124859697185456753e-04
1.054125931113958359e-02
2.063245279714465141e-03
5.241356417536735535e-02
7.045835372991859913e-04
4.604437854140996933e-03
6.008412223309278488e-03
3.411542475223541260e-01
1.023962441831827164e-02
3.134994208812713623e-02
6.322709959931671619e-04
7.219857722520828247e-02
3.335529007017612457e-03
2.456930652260780334e-02
3.951469901949167252e-03
3.467014525085687637e-03
3.126983763650059700e-03
1.036040834151208401e-03
3.065600804984569550e-02
2.242800295352935791e-01
3.598930537700653076e-01
4.840268753468990326e-03
6.792411673814058304e-03
8.736484684050083160e-03
7.278773118741810322e-04
1.195215899497270584e-02
3.911442589014768600e-03
4.502728697843849659e-04
9.462467860430479050e-04
3.389105200767517090e-03
3.079993091523647308e-02
2.917737234383821487e-03
1.649521291255950928e-02
1.567594520747661591e-02
9.036689400672912598e-01
1.254537850618362427e-01
7.296164035797119141e-01
8.016897481866180897e-04
1.792847877368330956e-03
7.015199516899883747e-04
1.105718035250902176e-02
2.686711261048913002e-03
1.825155806727707386e-03
5.485667847096920013e-03
4.100884543731808662e-04
3.439296483993530273e-01
5.318063776940107346e-04
1.750019937753677368e-01
4.265868104994297028e-03
2.126415492966771126e-03
3.676693141460418701e-02
6.694719791412353516e-01
6.177647039294242859e-02
4.281171131879091263e-03
2.440422028303146362e-02
1.219306490384042263e-03
1.197092584334313869e-03
1.024749428033828735e-01
2.096608048304915428e-03
7.185816764831542969e-02
1.269001862965524197e-03
1.086467038840055466e-02
1.387376571074128151e-03
7.917585899122059345e-04
3.772071301937103271e-01
4.574552644044160843e-03
9.582084603607654572e-03
4.998270049691200256e-02
5.227578431367874146e-02
1.993340440094470978e-02
5.733878933824598789e-04
7.296323310583829880e-04
4.968325607478618622e-03
9.950383752584457397e-02
1.191186755895614624e-01
2.372646145522594452e-02
3.711710497736930847e-02
7.794809341430664062e-02
9.820340871810913086e-01
7.588145788758993149e-03
1.710294978693127632e-03
5.776533507741987705e-04
4.008679091930389404e-02
7.690749480389058590e-04
2.838332056999206543e-01
1.583213103003799915e-03
3.043694049119949341e-02
3.306243196129798889e-02
1.893942616879940033e-02
3.743312656879425049e-01
5.481165647506713867e-01
4.666960798203945160e-03
4.150660932064056396e-01
2.014362066984176636e-02
4.309987183660268784e-03
7.486584363505244255e-04
4.127388820052146912e-03
1.052933465689420700e-02
7.860636338591575623e-03
7.762855966575443745e-04
3.091341853141784668e-01
5.943431169725954533e-04
1.906540431082248688e-02
1.456802338361740112e-01
3.455751342698931694e-03
5.619434714317321777e-01
2.118101269006729126e-01
6.196406669914722443e-03
4.747526645660400391e-01
3.616759087890386581e-03
3.496552631258964539e-02
1.625613076612353325e-03
8.914900943636894226e-03
1.342067029327154160e-02
9.319884181022644043e-01
1.447985647246241570e-03
2.406375017017126083e-03
6.138080731034278870e-03
1.830545663833618164e-01
1.943582668900489807e-02
1.132987672463059425e-03
8.631071075797080994e-03
1.951851323246955872e-02
5.205358844250440598e-03
8.023125119507312775e-04
2.348970621824264526e-02
2.702170750126242638e-03
7.644029334187507629e-03
1.099184900522232056e-01
1.474319840781390667e-03
2.536134421825408936e-02
1.169596565887331963e-03
1.864609424956142902e-03
4.419800266623497009e-02
3.591741900891065598e-03
7.170622702687978745e-03
4.551801364868879318e-03
4.746328108012676239e-03
5.828646421432495117e-01
1.828711330890655518e-01
2.001916430890560150e-02
1.187241002917289734e-01
1.442008768208324909e-03
1.318478286266326904e-01
6.080738967284560204e-04
4.534822106361389160e-01
4.290612880140542984e-03
1.229975139722228050e-03
1.015652343630790710e-02
8.242743462324142456e-02
7.421629503369331360e-03
8.016375824809074402e-03
1.228909473866224289e-03
8.475692942738533020e-03
8.849524310790002346e-04
1.214029267430305481e-01
7.652852684259414673e-03
9.951215386390686035e-01
1.205540355294942856e-02
4.687505308538675308e-03
4.011478275060653687e-02
3.392053768038749695e-03
7.559387013316154480e-03
4.280939698219299316e-02
2.144759055227041245e-03
7.063086330890655518e-02
1.672202348709106445e-01
6.759645766578614712e-04
1.546798795461654663e-01
2.585780248045921326e-02
1.508307293988764286e-03
9.660649113357067108e-03
1.385197509080171585e-03
1.431509945541620255e-02
3.852776885032653809e-01
1.892732107080519199e-03
6.449919342994689941e-01
1.005558110773563385e-02
3.655418753623962402e-03
2.802890958264470100e-03
7.170578930526971817e-03
4.740277305245399475e-03
1.753165968693792820e-03
3.754895552992820740e-02
6.191491484642028809e-01
9.118141233921051025e-02
1.761789200827479362e-03
8.167709223926067352e-03
2.592954039573669434e-02
5.270723253488540649e-03
5.375348031520843506e-02
2.059637755155563354e-01
4.890567436814308167e-02
6.317827701568603516e-01
3.014137037098407745e-03
1.003952324390411377e-01
9.154436993412673473e-04
1.351286191493272781e-03
2.407979220151901245e-03
7.810353636741638184e-01
5.183444358408451080e-03
2.815074324607849121e-01
4.414843022823333740e-01
4.698785394430160522e-02
9.368731826543807983e-02
2.340482324361801147e-01
2.385869920253753662e-01
2.512404024600982666e-01
3.994112834334373474e-02
1.131836101412773132e-01
1.092455722391605377e-02
1.215674635022878647e-02
2.872576378285884857e-02
3.470012685284018517e-03
1.313613541424274445e-02
5.677828448824584484e-04
2.233019322156906128e-01
1.581574231386184692e-01
1.471424940973520279e-03
1.290756277740001678e-02
7.533360039815306664e-04
3.229758469387888908e-03
2.817196846008300781e-01
2.154999645426869392e-03
1.658377423882484436e-02
4.163309931755065918e-02
4.312113858759403229e-03
8.844478288665413857e-04
5.955778528004884720e-03
1.772188395261764526e-02
8.794017136096954346e-02
5.280574783682823181e-03
5.590566433966159821e-03
7.788160350173711777e-03
7.513546734116971493e-04
6.015727296471595764e-03
9.392324090003967285e-02
1.398601289838552475e-02
6.170174456201493740e-04
5.749088246375322342e-03
1.878889501094818115e-01
6.852569524198770523e-03
1.247198553755879402e-03
1.275329757481813431e-02
4.275268409401178360e-03
2.228608727455139160e-01
2.871572971343994141e-02
1.306106569245457649e-03
1.416417658329010010e-01
3.125239163637161255e-02
5.381613504141569138e-03
5.128258490003645420e-04
3.772842288017272949e-01
1.730630639940500259e-03
4.214514978229999542e-03
1.113640237599611282e-02
1.634746193885803223e-01
1.593131688423454762e-03
3.988665714859962463e-02
6.295218598097562790e-03
5.873844027519226074e-03
8.688983507454395294e-03
3.429551841691136360e-03
1.252165734767913818e-01
7.362357340753078461e-03
9.084191918373107910e-02
1.802112348377704620e-02
1.403605565428733826e-02
1.891564112156629562e-03
8.505670428276062012e-01
1.334396842867136002e-02
1.837996207177639008e-02
1.101345103234052658e-02
9.760951995849609375e-01
5.259401514194905758e-04
2.702411115169525146e-01
5.451264791190624237e-03
2.458391897380352020e-02
2.009799145162105560e-02
1.189805753529071808e-02
8.710192143917083740e-02
6.494665741920471191e-01
6.840556114912033081e-02
4.260024521499872208e-03
7.309236098080873489e-04
7.697094697505235672e-04
9.767761230468750000e-01
7.976183295249938965e-01
1.303067952394485474e-01
6.388698238879442215e-04
1.707599125802516937e-02
3.935680259019136429e-03
1.653684824705123901e-01
2.012899219989776611e-01
3.070592582225799561e-01
2.896028757095336914e-02
9.050965309143066406e-03
8.728015236556529999e-03
9.018280543386936188e-03
6.169703602790832520e-01
2.143756113946437836e-02
